19.3496980745 16.5667565879 1
18.2063156175 12.4708189753 1
9.96140785694 14.6125573662 -1
17.6397621298 6.4884034032 1
7.55971618313 18.6873120068 1
14.8267098222 5.80330808961 -1
12.4380252036 14.7098975981 -1
8.05569264674 1.22390689406 1
17.1577145887 11.130977128 1
6.53620936136 17.9482556983 1
13.0369365539 14.3140413224 -1
18.8082764797 18.5071774188 1
2.052783551 17.8066543046 1
1.71224957229 0.223982108977 1
18.4530536306 0.972439116275 1
12.0106556208 15.0699471415 -1
18.8758830901 19.077320582 1
4.34312506007 14.2969577743 1
0.917601803674 6.07539677956 1
7.05062764138 9.52200533392 -1
18.2879146776 3.74642378443 1
15.2012639021 2.48255713276 1
19.3804160997 3.98651676454 1
8.14504892664 15.2324572605 -1
15.8934128841 0.623592222282 1
1.17200974483 15.4695327463 1
13.7210025857 19.0143792582 1
19.6783904179 6.82316958264 1
18.2684209926 0.965932748251 1
11.3948115444 3.39445777453 -1
9.98540929902 4.75941392896 -1
10.8815820144 8.06820260669 -1
7.92422576447 10.418862392 -1
6.20653958593 13.3152653142 -1
8.37562119973 16.9212418771 1
12.7855696025 17.4112497461 1
1.61506446438 19.4094781937 1
5.18197550725 14.9980119497 -1
14.0441345632 19.1408997129 1
7.83921908552 15.5915565484 -1
8.88958327941 18.0320199795 1
3.54111686728 9.06396594213 -1
18.637959639 3.50991151499 1
14.4067472329 15.0321146292 -1
15.1177731425 12.8041589156 -1
1.05502206364 0.797650587386 1
9.99931439838 1.73780419863 1
17.9737504101 1.98638694607 1
2.51986209447 6.62096746339 1
4.62647478795 15.8652992954 1
1.1682357678 16.1806862291 1
17.9248450662 13.0475485776 1
4.21451555891 3.66275322119 1
17.3343556568 0.107965599295 1
9.61907796117 16.0016801452 -1
10.0033528159 18.298611036 1
4.67704832399 7.01782801832 -1
15.7087280354 14.392067431 1
15.6065505672 4.90025504784 1
8.84091478324 9.29218055809 -1
14.9350484277 7.05531616432 -1
3.64682305825 9.70535276716 -1
5.98079810959 0.659533959776 1
13.4706846802 5.36888772233 -1
13.6476405409 9.47049400655 -1
18.3628302447 16.1538956823 1
10.653737289 1.19823048356 1
11.1851434055 13.1677143029 -1
12.3847192787 13.4158321985 -1
7.66799623376 19.4949461623 1
10.7283936485 16.1438739716 -1
12.0276346183 7.8302567534 -1
9.95439386245 6.14377436078 -1
6.02705502573 14.3013684233 -1
18.6149876868 15.8321332541 1
8.59249995568 6.23788842799 -1
13.2984906253 5.49884051696 -1
15.4106777219 1.53435513335 1
1.1044741834 10.8303580952 1
10.2369433319 0.0500050061681 1
5.38154197474 10.491854521 -1
7.42101621587 7.57625230365 -1
14.7656675079 10.6399683325 -1
11.8059249668 0.479722317437 1
14.1706246688 6.92978387428 -1
17.6968184886 17.4069569349 1
12.4302397469 3.31271835565 1
13.4058606788 11.6398071972 -1
16.8647735684 17.3552874888 1
7.37936979019 1.90649203635 1
12.7800964231 6.64356186903 -1
2.13785389686 7.53828684961 1
14.3235774863 19.4195059799 1
4.71374922848 7.27665268301 -1
8.22818532183 4.97363953295 -1
15.6119347893 6.97967202662 -1
0.32569412856 3.71360999518 1
0.0404602399865 5.49787525287 1
12.973852227 13.1378737086 -1
6.28967665088 17.6148809803 1
6.97646253655 10.838875269 -1
6.39636334889 8.50280832941 -1
3.27053051353 17.3894742393 1
15.3564566138 16.7496568085 1
10.5795808622 11.7170420263 -1
14.9917331413 6.9028887671 -1
12.3295367541 5.61037979093 -1
1.30595897947 8.94410555382 1
14.8959222156 16.5105570072 1
13.1468391695 5.63232529721 -1
14.8588859898 5.50642289907 -1
14.4792165397 9.47180320274 -1
19.5939630269 6.47726203489 1
9.60782687408 8.64288614016 -1
0.375851921273 8.6575834166 1
14.3844291872 16.4170816964 1
0.462578432831 2.81380648794 1
8.56102552937 8.4378146031 -1
13.2779194167 7.06679176742 -1
7.31377219075 13.9396697198 -1
13.581955148 4.78159921965 -1
1.52307879313 18.050967454 1
1.51538292519 5.31282142417 1
4.22727100934 3.91879949976 1
6.30540833861 1.16506453001 1
13.1289746314 9.18586205028 -1
9.97681437989 7.19324653315 -1
9.67291237017 11.1542900709 -1
19.9233585711 13.3197464508 1
10.6505246563 18.4578638311 1
13.3511432825 17.9426095101 1
3.51030944479 6.10068579774 1
17.8420792063 8.39944827098 1
7.35507344673 17.9601040708 1
6.63985814358 9.94829563638 -1
5.77994103036 0.448732279415 1
7.3742978634 9.35058841976 -1
19.4138250654 10.7611059177 1
13.3166200156 7.55864132224 -1
10.777888857 19.6561584353 1
4.04942923548 0.954587206387 1
5.9692310562 1.55921005672 1
10.5546566187 4.17848509894 -1
15.6073968733 1.49067526476 1
14.5844428776 9.37694401316 -1
1.66742732027 1.72557039928 1
5.26647441025 16.3055085824 1
13.2394387901 8.84881777077 -1
5.28301028069 12.5419086389 -1
17.2850265764 7.74571206495 1
6.94603966692 10.2107388425 -1
4.54546701712 18.7465699661 1
13.635558085 6.24617119919 -1
3.3807282458 14.3683715734 1
0.15490044974 19.5288144584 1
11.309430117 3.0459619286 1
15.1427140263 2.86753909647 1
13.4151078772 9.13702884242 -1
1.81060238965 1.49442166548 1
13.0333546213 12.9501350684 -1
8.45093571185 8.43537274871 -1
13.7052134284 18.0076321948 1
17.2954191055 4.95711659975 1
2.62391122523 19.80874209 1
8.37571423981 5.33425839765 -1
14.9146818587 1.19416036035 1
0.919431400495 5.77514930221 1
13.6602538174 9.36648088095 -1
1.27776023184 10.776575945 1
11.2554947932 9.87843244008 -1
1.26167769842 3.25742567227 1
12.9681500963 0.0669912563512 1
13.0182687666 4.99762458825 -1
4.88004381535 17.2894975747 1
3.14365360613 15.3041641288 1
0.607160097435 4.04440769852 1
16.9571764544 9.41209289716 -1
2.98334063822 13.8053215683 1
3.11245498622 13.1793028087 1
3.16491328274 18.2654108203 1
4.47904427179 10.5580370667 -1
14.0499635464 5.11397913434 -1
17.32317296 8.77804502938 1
11.1245724394 14.4542677907 -1
18.9976282981 4.94258383011 1
4.35939560187 11.0674558054 -1
8.50696183044 14.8552004002 -1
0.329739176845 0.0196262634849 1
6.30673745568 1.03244706172 1
17.1394565053 9.42026063314 1
5.4428470643 15.4994558318 1
7.53331002673 14.5545855379 -1
8.54947979723 11.2302048377 -1
6.92975338166 5.07003603175 -1
12.7844254126 15.5672823026 -1
9.07336264531 10.9299308234 -1
10.1199271033 1.42612967393 1
0.5413157386 8.1115707387 1
1.93952629181 17.6226435373 1
8.07710236256 15.278613087 -1
12.4654171035 14.5866779702 -1
1.18375606644 2.50466102438 1
10.8730826963 4.24040324689 -1
17.3359804913 17.330804024 1
12.4813529242 8.04265068752 -1
0.913459675898 4.84635418935 1
8.34229277664 5.08395271655 -1
15.4795041266 6.30657434032 -1
15.8645877017 7.62303591657 -1
17.3313525949 16.7223855647 1
9.33337912324 8.38972354841 -1
13.1785724514 3.56101812653 1
3.09954082627 15.3145497125 1
8.6851694868 9.07829712945 -1
15.4202334692 4.42353643945 1
16.5171990562 14.945225439 1
15.4080798116 9.52165287879 -1
18.8211326211 10.2757983657 1
3.88543958177 6.67125562949 -1
5.4562855725 1.86814318994 1
17.9277840682 11.7174395999 1
2.75179097281 15.9548379572 1
4.77912393469 11.3784920205 -1
5.39731713972 8.07896645666 -1
18.9129707759 10.1030873811 1
12.7702134535 4.93613052935 -1
14.4877701963 3.62093064831 1
17.9584299101 6.28778694216 1
16.843801477 0.567543448434 1
8.97846259084 18.8795637038 1
12.2967192223 6.95278381516 -1
18.8906416862 19.4484636812 1
1.02158585735 4.09963300201 1
18.7864315617 13.988907098 1
17.5351329808 10.2063593394 1
2.04918316572 13.6156566305 1
18.4162675412 1.05763719274 1
12.6155330302 13.2002759032 -1
15.9708028267 10.3615142764 -1
9.80469266812 12.2901748203 -1
8.86295572168 16.1423350492 -1
12.1572911621 15.3495819134 -1
12.5213547775 18.033452217 1
14.5321426019 9.43981727741 -1
16.0162864409 15.223122527 1
3.39161882432 12.5315648955 1
4.08709359703 11.4713108886 -1
12.3392337194 18.0103428659 1
19.8195182489 0.400310121721 1
14.6598484566 4.77851577207 -1
0.377610284249 4.0123338876 1
13.7450420275 13.3554687307 -1
7.56752599906 10.8380772315 -1
3.69882760116 15.5483239732 1
10.5327967217 14.4193011554 -1
7.34241962523 9.71449089217 -1
13.8032777366 18.5495679811 1
17.5982528648 14.0976987861 1
10.1922329412 11.1507586074 -1
16.4798730952 10.484197671 -1
5.93019218553 6.59513756754 -1
18.8573723629 6.54168409245 1
16.8507568651 7.79152921308 1
13.30464195 13.1927235868 -1
6.94354014085 1.17957937063 1
9.38513718111 2.18741071854 1
2.15659202287 2.2305140069 1
1.0813836652 0.870564178524 1
16.7230109325 10.545687818 -1
13.50959488 9.73179540948 -1
8.31656547705 19.367261625 1
8.76751368826 4.57657261989 -1
16.479149951 7.08868460653 1
4.10044989282 0.137758912743 1
6.63455464536 17.818603688 1
5.53596307111 2.8183845497 1
11.3753868465 10.4740109261 -1
1.96435765175 19.1556944921 1
14.9016331316 16.9782070567 1
17.6114693248 17.2790391309 1
17.5457718798 6.38094941171 1
10.1921277136 6.25395183443 -1
4.67915371053 9.91423416696 -1
10.9926156849 14.5750656586 -1
18.9127695264 15.8577517075 1
1.77360679619 6.39986246889 1
17.1087477547 19.0982348117 1
14.748195741 1.99826168193 1
7.49391491489 11.8836179806 -1
13.5212275114 12.3976112144 -1
13.502001602 5.88424085728 -1
17.5054476815 12.3348479112 1
6.97117077686 16.1344415153 -1
0.709115975288 6.42639174527 1
6.70651694333 4.24847308115 -1
10.5568675643 12.5257167721 -1
8.65406786122 1.35649902167 1
10.6139423952 11.7962744338 -1
0.335233165963 7.6930990715 1
10.4908985072 12.9039945946 -1
10.1171982013 17.9159293884 1
0.480683220423 13.2397761892 1
1.06698951138 3.91029580166 1
2.45197492863 8.72947043626 1
6.65893244313 4.46808153802 -1
14.4752833056 10.8531652809 -1
1.88927518395 0.220782443635 1
7.41188869979 4.93454395209 -1
9.7464619239 13.7273799958 -1
19.398313837 14.3346049875 1
12.566363573 15.2178853092 -1
0.00501823763789 3.21001906916 1
10.3840069075 3.62379243685 -1
15.8255581566 9.8135491561 -1
10.4856100963 13.2336299384 -1
6.08424256659 13.1074328243 -1
8.87655615588 14.7304861704 -1
9.13071064763 18.0275532825 1
15.3357867104 14.7803445982 1
10.236779652 7.32305520216 -1
11.0276381491 5.00329420343 -1
10.1137985157 1.17066585367 1
10.9374596783 9.42684966922 -1
13.4855138501 12.9320500231 -1
11.0473184908 5.05857433082 -1
10.839424839 5.36135684439 -1
17.0932153554 8.1784210808 1
13.0374136097 11.986901777 -1
2.23533503202 9.76770716014 1
1.57678231131 8.78083159847 1
2.51697719422 4.0888111316 1
10.9912007245 16.5817580364 -1
18.8820965916 3.23543236201 1
12.0993746533 9.45361276423 -1
14.1267626393 3.4255746706 1
16.5886125696 4.92286056717 1
16.6275925884 17.6715771371 1
16.3364928054 17.4211853894 1
8.78300906331 2.66079185456 1
18.182525848 15.3677804321 1
13.8139154822 2.7145244007 1
7.10098905203 19.2205792648 1
14.3716614826 18.1114471667 1
12.0858195221 10.0369537146 -1
11.2742569534 16.7203414804 -1
9.35537101857 16.993773704 1
6.45637361869 4.03896497599 -1
11.1321330244 14.8117984365 -1
18.5515196106 9.48014717092 1
18.9860610835 18.4333719128 1
6.97438412607 4.39659320716 -1
15.8146131432 4.44725470196 1
16.1265792761 18.7342216805 1
13.4972854987 8.08737937967 -1
8.03777670819 4.90804306479 -1
17.8354196711 15.5907989851 1
9.72433646726 18.9498215174 1
6.91094432333 4.16287683949 -1
16.7416605199 9.87364273225 -1
14.8049658542 6.89336362236 -1
5.22907031387 16.8852375121 1
18.0946239665 8.2368963477 1
2.82125614691 3.6987333345 1
13.592192078 19.0694361008 1
8.55404224631 3.87816309656 -1
0.153690343097 1.25543768707 1
4.8713385853 4.33339216433 1
8.18284188063 0.996152500208 1
12.8430191966 3.07543189818 1
16.2291719261 7.91950564819 -1
12.7999433574 9.07039973006 -1
10.1457230414 19.0847019473 1
16.4546686527 13.9801176368 1
12.8708326537 14.6949723366 -1
0.877576566007 9.41278285274 1
18.4876983621 14.2813735642 1
8.08360042219 13.002327124 -1
14.515178224 12.3735376508 -1
12.5022934954 8.38213893195 -1
5.59684877921 6.78552944368 -1
9.9118637323 11.6875080528 -1
11.2045704528 1.68208113904 1
9.51138808916 14.5064841754 -1
10.5736634218 18.8450706008 1
18.7465592093 11.8640883657 1
7.05514748382 18.3802468422 1
2.86852459173 19.8297204169 1
13.193093033 2.87134035145 1
3.74602609237 10.8619210076 -1
11.0360890177 13.5026196137 -1
5.46834557592 0.360583230728 1
12.0238127489 19.803606832 1
13.3149048972 3.44364218691 1
9.57241785234 12.407735686 -1
5.98670276277 6.80963575489 -1
16.3753710553 13.0667242625 1
15.8180438149 5.75730424513 1
12.6530904701 18.2246242088 1
6.14437309086 13.8393903275 -1
19.3265253885 3.29278424625 1
19.2116070138 7.37210219026 1
18.9007620885 7.5053328573 1
12.5402696566 14.3573624929 -1
16.6364577534 10.5392440535 -1
18.5923563219 11.6811666061 1
6.33577230975 4.49917716862 -1
18.1314529919 11.7907566656 1
15.532319192 14.2626170357 -1
15.8820823843 4.20909611854 1
7.49411466756 2.05914445476 1
7.55599720906 9.6806241923 -1
15.9849230393 19.956956253 1
14.9482768059 3.0958809077 1
16.2969585001 12.1971124461 -1
8.58769448667 16.7724590149 -1
3.51631340774 13.3661642756 1
8.46952167459 16.2289452074 -1
3.23817792359 16.32228925 1
0.153732383007 3.68286932668 1
12.6270977031 18.1969695329 1
10.3623375757 13.4429234754 -1
5.31942436653 1.59774583393 1
19.6927475323 1.29306514331 1
6.59695816209 19.1659886952 1
10.4271244626 8.68001177692 -1
18.4484787147 17.9581122446 1
17.7096700559 8.28286766662 1
0.0751800679652 17.253668261 1
19.4441137883 19.0031411983 1
19.1157502953 12.4406399071 1
17.3385813156 13.3380255866 1
11.4086443475 11.4257865463 -1
18.7679431731 1.58459994882 1
11.613790322 12.0416153494 -1
9.15333192763 7.7072652049 -1
5.70218260262 0.709942707326 1
10.0230173886 14.3687631695 -1
18.9165285555 11.7204669034 1
16.5592972376 4.05594738198 1
3.67226420989 1.84206657838 1
9.78568795165 6.13422909611 -1
4.89520054207 7.34936580811 -1
16.410081755 15.8396454097 1
13.953414724 11.5200057626 -1
8.83262671545 18.5399176575 1
18.1077172845 11.937346055 1
4.84347231286 5.87835399161 -1
1.91739157016 7.387990608 1
6.8945118015 1.34790000806 1
12.7288061118 14.7568828583 -1
10.6744146135 12.1104261065 -1
2.09224607113 3.84023006858 1
5.1331610769 6.36411410945 -1
5.8620367657 7.06859503652 -1
17.1912920251 10.9940540377 1
0.934824533069 16.3424710792 1
12.7886261156 17.3210428995 1
19.1391592247 17.4929988568 1
7.68211349981 13.1426801905 -1
18.0878438282 5.60920024885 1
19.2691828737 6.29087487939 1
1.23997825857 18.9327664403 1
12.9631791814 5.97800468369 -1
7.66559672866 13.2171544328 -1
0.420159561949 4.73256637943 1
2.52384407401 16.5953848338 1
2.00351550372 1.86002548495 1
15.0829633773 0.0345307117577 1
16.2413589098 9.34044624513 -1
3.78562439663 13.4588027474 1
10.012867007 12.7232679044 -1
12.8563010151 12.4932655896 -1
10.5867391488 3.29498338309 -1
4.5566771033 7.39271379436 -1
14.3703752051 6.60555003532 -1
5.89532191442 1.51774039576 1
14.4380716819 15.8137915962 1
11.364131857 18.623077221 1
4.48199116606 6.54231228296 -1
18.9857874441 2.14275445177 1
8.73401823032 5.02530286758 -1
9.44220878152 1.15564392559 1
5.21770247937 6.17313308016 -1
14.8455420786 7.12473799464 -1
8.29366183097 0.323201842104 1
16.8745811531 15.2142145377 1
3.32786383181 19.6965473434 1
4.21095115133 8.57708138943 -1
18.0272573133 1.3135737189 1
7.91479516329 6.87962980884 -1
3.35007725488 16.9798659019 1
13.6714516362 10.3651963966 -1
19.5113824813 13.832560993 1
17.3264809477 6.84549661313 1
16.0007328276 7.55252691143 -1
8.30920222007 1.3462218793 1
15.9385281936 15.5761399713 1
17.9624969867 8.15187809521 1
1.8619839852 7.85501421518 1
6.6379515546 13.4738675295 -1
