17.597298 6.552301 1
19.635137 15.280929 1
13.842035 16.849814 1
19.659022 2.533911 1
14.567932 15.881298 1
8.325967 17.783190 -1
7.513343 0.776894 -1
18.257321 16.929981 -1
11.165735 17.891106 1
11.746421 18.828587 -1
9.328768 1.254564 -1
0.258959 9.032810 1
5.046728 15.212809 1
0.260552 8.548982 1
13.522635 17.216762 1
5.452461 16.651338 -1
0.976797 18.840018 -1
16.803444 7.082726 1
1.366202 16.039345 1
0.491876 6.417215 1
2.101965 12.558138 -1
16.943644 6.346863 1
2.007064 0.422096 -1
17.914442 7.846623 1
7.241447 17.601498 -1
6.882716 1.171717 1
19.377406 5.816853 1
16.455442 18.370208 1
16.808570 5.875733 -1
10.252627 1.318961 -1
5.721777 16.854013 1
19.458675 13.401658 -1
17.351113 3.949488 -1
11.540215 1.029287 -1
14.187074 16.222662 -1
0.983331 19.003737 1
1.844950 1.045780 -1
1.960984 13.190599 -1
0.879436 18.192572 1
19.286642 18.810972 1
1.755530 10.879770 1
2.524859 14.609492 1
10.552335 0.101810 1
0.305884 7.207093 -1
0.858072 3.220081 -1
15.804958 4.801872 1
1.772520 3.871833 1
0.972257 16.414807 1
10.478539 18.038635 -1
1.605770 17.494626 -1
2.680092 12.122842 1
0.981415 14.610173 -1
6.873785 3.393337 -1
13.610441 3.007081 -1
1.291591 6.829864 1
1.080229 0.844735 1
13.108787 18.301985 -1
13.430455 2.255803 -1
3.885163 0.507044 -1
11.088605 18.971383 1
1.502279 7.515390 1
19.588074 1.677487 1
13.434813 17.108819 1
3.547657 5.088609 -1
6.097495 0.395020 1
14.630623 3.383587 1
1.172799 15.433507 -1
2.872466 18.295118 -1
2.318466 17.769155 1
15.041801 15.674430 -1
0.323728 12.590473 1
8.057001 19.418589 -1
16.801824 3.139623 -1
5.119428 16.081114 -1
4.048294 19.633082 1
3.292810 2.631326 -1
7.336464 19.026641 1
18.529421 14.022021 -1
18.089866 5.537230 -1
4.586968 0.493183 -1
0.262613 9.615838 -1
1.980284 16.425086 1
1.370504 18.262430 1
4.968735 2.002633 1
17.406022 2.482676 1
14.541096 17.325149 1
17.447897 6.569176 1
15.152396 17.933125 -1
18.216333 8.203321 1
0.843323 9.905627 -1
1.272379 10.216440 -1
3.782532 1.651076 1
2.415428 8.632134 1
9.147309 1.350323 -1
17.512490 9.842217 -1
8.247233 0.991645 1
4.360024 17.533117 -1
3.680726 13.586166 -1
3.647965 18.253292 1
2.939588 6.633983 1
17.818450 11.352795 -1
12.039237 2.506425 1
7.049997 0.320559 -1
4.920288 2.391412 -1
5.798501 19.929835 1
16.719865 0.804395 1
11.373135 19.505498 1
14.492971 16.420953 1
17.660278 12.767208 1
4.716665 3.568221 1
8.913046 2.017967 1
19.957425 14.764380 -1
3.598713 3.952701 1
14.607592 17.646945 1
3.619559 0.820135 1
18.375004 11.516330 1
9.532430 19.348930 1
1.050857 17.127625 -1
0.507334 8.240792 -1
12.264823 3.254769 -1
3.106848 6.901047 1
4.901103 4.341576 -1
7.623431 0.737392 -1
0.331946 12.985246 1
0.390640 14.859576 -1
19.522753 3.822177 -1
1.637296 4.311234 1
15.642824 2.372331 -1
1.624303 15.903492 -1
14.258820 1.594489 -1
15.809961 17.238323 1
5.952849 0.650057 1
15.929303 17.116560 -1
3.195489 7.809548 1
17.426770 4.808031 1
15.207635 3.057302 -1
14.685126 2.187973 -1
3.101456 0.538114 -1
19.120235 14.523091 1
18.932334 9.119669 1
9.336896 19.609359 -1
4.550871 18.538747 -1
18.403908 18.663418 -1
2.634150 19.444774 -1
13.551707 2.775670 1
2.214511 2.115769 -1
18.888914 12.233679 1
19.935907 11.228121 1
17.916048 15.468577 -1
16.437448 2.328743 1
1.981946 18.928105 1
2.197970 8.129743 -1
8.705644 16.939843 1
16.987598 18.602075 -1
17.544160 3.417267 -1
18.769573 13.285049 -1
6.899127 0.280444 -1
15.892229 17.488817 -1
10.070937 1.144393 -1
4.310854 16.428307 1
16.649049 6.539414 -1
18.890123 11.995740 -1
16.472978 14.355822 -1
9.158389 17.772133 -1
14.048984 0.967203 -1
4.526442 18.844600 1
11.824010 2.179833 -1
1.519591 16.159803 1
7.738684 1.939522 -1
5.297163 19.700040 1
3.863169 18.564438 -1
9.409772 2.370275 1
18.140361 2.055135 1
18.698280 4.994305 1
11.825567 1.804359 1
12.783495 16.595802 1
4.299070 2.506669 1
12.803410 1.132366 1
1.697999 7.704707 1
1.282793 15.237524 -1
15.667520 5.434949 -1
3.291072 6.752959 -1
2.610671 3.042253 1
0.635086 3.873242 1
3.191941 0.764433 -1
2.931953 18.895346 1
8.353159 16.812505 -1
15.577067 1.267690 -1
2.031272 6.742859 1
1.091782 15.530334 1
0.125179 5.039350 1
15.598010 14.661397 -1
13.536425 19.590188 1
0.234860 13.129476 1
18.096226 9.210379 1
17.353138 8.542720 1
6.323035 17.867611 -1
19.137822 15.834934 1
8.400708 19.127344 1
19.769418 6.995010 1
0.897704 0.421270 -1
18.921987 17.964142 1
12.379941 18.652297 -1
2.210987 7.940678 1
2.958272 0.049825 1
2.803322 16.824403 1
1.751867 2.135718 -1
5.503002 15.944652 -1
10.720089 2.208913 -1
5.880299 19.914048 -1
12.777499 19.494755 -1
19.918840 15.155288 -1
0.242939 10.630621 -1
4.807522 0.271911 1
2.304120 7.144464 -1
4.050280 5.698483 1
17.993714 17.075390 -1
19.213289 13.535075 -1
2.503411 17.914755 -1
5.380669 15.347806 -1
18.960280 6.318493 1
1.779254 5.024019 -1
16.676612 1.596016 -1
9.747129 1.586973 1
6.151301 19.253535 1
19.920258 3.759324 1
3.820627 14.912383 1
9.598941 0.028174 -1
15.607169 15.051796 -1
14.301552 4.011389 -1
16.847754 5.909276 -1
7.677749 17.878604 1
1.110928 3.269912 1
13.358207 3.324127 -1
0.515557 2.594048 -1
14.320736 18.387932 1
13.734689 16.827322 -1
16.881009 4.826242 1
4.653186 2.093279 -1
1.745157 9.239388 1
19.306690 11.504445 -1
0.140799 6.443985 1
19.577965 7.954999 1
19.174251 7.333663 -1
18.473505 5.579559 -1
19.622225 19.329984 -1
18.119720 4.736033 -1
7.950908 18.183423 1
3.003723 17.183823 1
18.098788 18.423637 -1
7.509604 0.144594 1
18.365246 11.250211 -1
3.547366 5.538791 1
8.672515 18.917758 -1
5.834739 3.829713 1
13.407699 1.281819 -1
1.757873 14.011861 1
17.531686 17.630998 1
0.137324 7.941483 1
10.408086 1.989601 1
19.034350 6.885910 -1
6.344361 1.418235 -1
7.179273 1.491418 1
1.373703 13.388684 -1
15.727904 14.665059 -1
9.479163 19.577388 1
19.888021 1.639172 -1
13.667090 16.745674 1
19.550796 1.737632 -1
9.939936 19.211195 -1
5.633929 2.059306 -1
3.602306 16.677706 1
17.791553 11.280287 -1
11.125678 1.847700 1
8.360588 18.581000 -1
0.975376 5.930205 -1
2.816139 5.310212 -1
2.141135 4.070520 -1
18.775560 17.648740 -1
7.193141 0.499855 -1
19.031548 18.657248 -1
1.844335 6.979835 -1
14.247223 2.607641 -1
18.595140 19.851218 1
7.040522 19.408295 1
2.883402 10.705628 -1
14.588715 4.493734 1
14.563305 4.477752 -1
17.491318 15.783793 -1
16.053571 0.685057 -1
11.474888 18.762575 -1
19.549902 15.467552 -1
9.970827 1.695059 1
8.417056 17.941474 1
1.126792 12.600752 -1
16.309081 13.125357 1
2.709724 12.412901 -1
17.328177 3.291052 1
0.090064 14.475076 -1
3.915309 3.533543 1
1.893426 9.166975 1
11.225545 17.316996 -1
11.063136 0.200846 1
5.809499 3.409368 1
14.961791 0.851125 -1
17.572448 14.523752 -1
16.773559 19.064924 1
1.062960 6.398841 -1
2.196259 3.965260 1
18.219702 11.339139 -1
0.206808 6.886414 1
19.542642 12.261154 -1
17.387899 12.068066 1
10.061549 1.728153 -1
3.545437 12.932841 -1
17.053259 3.779926 1
1.566130 10.409821 -1
13.712466 0.718902 -1
13.255228 16.812856 1
0.862396 13.062495 -1
1.598369 14.064312 1
17.181585 16.983215 1
1.059959 6.540940 1
5.893931 17.980785 1
3.720560 18.993776 1
9.658835 0.742866 1
17.203717 17.586149 -1
0.036037 0.439938 -1
18.073921 7.910438 1
3.219420 17.228430 -1
16.943677 7.747277 1
7.373167 2.714747 1
10.953397 1.662441 -1
2.573492 10.235353 -1
12.652905 16.669880 -1
7.842099 0.610546 -1
17.608608 4.512928 1
13.832540 3.526073 1
3.327443 17.077498 1
2.766635 2.257817 -1
18.457602 10.694536 -1
0.157144 0.520103 1
17.261724 1.563513 1
19.816807 1.325801 -1
0.090968 7.820081 -1
17.739543 12.248722 -1
14.236835 0.826754 -1
18.262857 18.234003 -1
2.121106 12.601055 1
17.114593 18.758611 -1
2.705760 16.960917 1
19.625086 19.270850 1
17.302476 11.186467 -1
4.826462 19.163112 -1
11.043740 17.252724 -1
13.125599 3.160235 -1
3.275998 5.616731 1
3.319791 19.885494 -1
2.110288 17.937788 1
14.569109 2.108816 1
2.577928 0.013582 -1
13.421848 17.909735 -1
13.516208 1.426947 -1
18.183696 14.298069 -1
4.551137 1.758363 -1
8.622315 17.729381 1
19.150429 17.569793 -1
6.934667 19.753141 -1
2.200537 8.559488 1
3.582619 0.160260 1
7.737560 0.057896 -1
18.903181 11.638554 -1
16.480432 5.448116 1
13.165886 2.296375 1
2.590764 1.748324 1
1.237152 10.586744 1
9.607475 2.733954 1
8.667578 2.205943 1
17.416033 13.928709 -1
16.670734 16.920213 1
8.691086 1.573767 -1
13.200658 2.568392 1
16.658408 0.738863 1
10.075581 1.966131 -1
2.413654 4.332313 1
0.294075 8.885274 -1
16.633228 3.378110 1
0.805292 10.037541 1
18.511199 1.954347 -1
11.776930 18.160389 1
3.924922 1.228197 1
16.285069 13.906078 -1
19.281803 4.389495 1
14.498964 2.697243 -1
14.394538 19.695073 -1
0.148173 18.623617 1
16.573624 7.111160 -1
6.519620 1.893288 1
16.352577 12.976356 -1
6.961527 16.420522 -1
3.879326 13.676195 -1
0.848834 7.372300 1
1.520812 11.809059 -1
15.846871 1.551480 -1
15.220135 19.059962 -1
0.925859 3.580522 1
2.905381 3.712169 -1
18.608371 12.905775 -1
0.676991 0.784664 -1
1.242235 4.282859 1
0.003882 16.857106 -1
0.364049 19.426229 1
0.722800 16.237448 -1
0.104474 8.883241 1
10.501317 1.793068 1
2.062417 16.719796 -1
0.792243 2.610687 1
11.476645 3.097532 -1
4.657450 2.007749 1
10.043431 19.925289 1
17.830287 14.930968 1
5.643936 2.364388 1
3.225920 1.559514 -1
1.973452 5.589324 1
0.041379 13.758349 -1
0.892107 19.731632 -1
0.911110 11.967725 1
14.524736 15.509799 1
5.565098 17.351952 -1
3.803103 18.688591 -1
13.369392 18.073889 1
17.458376 18.286307 -1
0.503300 0.249751 1
17.120083 10.812440 1
5.976486 16.787508 1
8.199572 0.199178 1
1.113859 10.503208 1
15.345832 3.621196 -1
16.964595 6.746634 1
6.421531 16.708855 -1
4.717179 16.045967 1
3.230466 1.592447 -1
17.872854 5.898253 -1
0.486506 5.488993 1
16.455670 15.888572 -1
0.450259 11.914814 -1
16.437970 3.513228 1
14.693957 3.814544 1
10.690779 18.618825 -1
19.327098 8.584811 -1
1.136308 3.347431 1
18.168636 14.716918 -1
15.118824 0.760486 1
16.003720 5.777902 -1
6.786232 2.174532 -1
15.629951 16.852969 -1
0.275073 1.428365 1
19.466029 2.082845 -1
14.096683 3.480191 -1
5.980464 15.975224 -1
5.203871 2.439782 -1
16.530075 0.702861 1
2.463399 12.027093 1
9.761336 0.633168 -1
5.619715 0.152233 -1
18.357401 11.994349 -1
6.768040 0.329598 -1
14.724893 1.275452 1
15.681355 18.769948 -1
3.951591 6.361477 -1
8.944624 0.166897 -1
18.214715 9.660001 -1
2.159371 18.968877 1
2.188413 9.406492 -1
15.393430 2.180817 1
17.702839 19.184554 -1
1.303257 8.189800 -1
18.843348 11.541289 -1
6.825949 1.307807 1
9.429973 17.432806 -1
3.230514 16.304700 1
1.233601 1.116207 1
13.710422 16.653619 -1
6.220913 1.636720 1
16.843097 3.224349 -1
18.655631 4.310537 1
6.929476 0.488566 1
7.315603 1.741515 1
6.410912 2.923128 1
14.969054 2.648782 -1
18.277543 17.192672 1
5.110437 1.338341 -1
13.837767 2.015760 1
1.881823 16.685637 1
2.743870 12.134941 -1
5.185115 19.342225 -1
9.637777 0.742087 1
0.498789 13.278496 -1
18.639501 19.622029 1
17.107725 5.847774 -1
1.665864 11.173469 -1
4.256008 1.419521 -1
1.885064 5.429866 -1
17.208652 4.450507 -1
2.000394 4.478062 -1
19.255148 7.319626 -1
11.752942 0.342609 -1
2.821366 17.763959 1
11.450960 18.131681 1
3.354665 14.646342 1
1.353732 0.556999 -1
13.278298 19.752257 1
12.464876 0.814675 -1
3.781068 0.366798 -1
18.229570 17.924778 -1
17.653204 3.738955 1
18.497766 18.018286 -1
7.101640 17.174828 -1
1.470641 3.806955 -1
12.388712 18.056095 1
16.441323 17.900952 1
1.736507 16.641458 -1
16.105157 16.365356 -1
2.232945 10.648022 -1
17.424141 9.946730 1
7.634569 0.101137 1
16.909190 3.476638 1
14.196172 0.748698 -1
14.035067 2.117087 -1
19.910692 10.862957 1
13.369229 0.660447 -1
11.089929 18.913996 1
3.393894 3.806478 -1
7.326695 19.729897 -1
19.241233 17.433705 -1
16.165680 15.805093 1
3.293405 5.654201 1
17.310078 11.489161 1
3.963291 15.750962 1
10.125584 17.019914 1
18.466870 3.873422 -1
13.752842 18.011426 -1
19.335929 5.553301 1
16.968177 13.478004 1
5.786584 16.851834 1
0.835006 0.132134 -1
8.780312 18.165192 1
3.168837 13.911882 -1
17.345642 1.446207 1
2.855785 9.856138 1
0.640363 19.736893 1
17.334206 5.815306 1
10.267117 2.505983 -1
16.013452 5.813123 -1
17.003759 3.393625 -1
14.040375 17.623832 -1
19.031259 8.214420 1
17.614448 5.675186 1
19.439929 0.013140 -1
11.068391 2.777883 1
1.279610 4.117378 1
16.933525 13.805029 -1
4.175188 15.633640 1
12.520401 19.264744 -1
9.618104 18.930711 1
6.493202 19.154389 1
4.117784 14.073990 1
5.638677 17.071652 1
1.585748 1.458098 1
13.227308 3.135532 1
1.175054 4.292874 -1
18.752132 13.892048 -1
0.307492 3.110058 1
2.249551 16.678017 1
2.027787 10.417139 1
17.213300 5.826090 1
4.469831 15.865810 -1
17.469157 14.142171 1
4.198568 19.929650 1
2.262889 18.419074 -1
19.268204 19.262876 -1
3.016012 10.597279 -1
17.449060 8.808260 1
18.046278 17.970107 -1
8.604591 17.060127 -1
17.601216 1.500273 -1
18.146791 12.426182 -1
15.322415 3.620479 1
17.107177 7.540826 1
0.841406 5.509255 -1
14.398223 19.194669 1
1.099423 18.018710 -1
14.089084 4.083577 1
18.848028 1.048167 -1
1.040609 1.864690 -1
3.057020 2.956092 1
7.720876 19.165954 -1
18.679573 16.124411 -1
18.072601 5.965730 -1
0.589464 18.971262 -1
17.137316 7.557259 1
5.425776 0.101760 -1
16.772662 3.092532 1
15.863868 15.664183 1
0.390381 5.542312 -1
6.284575 0.260915 1
14.836618 15.577481 1
17.706508 4.649786 1
1.848595 12.221676 -1
0.222360 13.448842 1
17.205089 8.825018 1
15.470232 15.690236 1
0.498597 9.640743 1
15.286481 19.606889 1
4.866777 19.057986 1
8.609071 0.739080 -1
6.398276 0.724088 1
3.206411 15.619529 1
1.916400 2.321872 -1
2.485132 17.887460 -1
3.813673 3.311339 1
17.510521 14.076483 1
5.643924 0.168619 -1
17.898847 11.744336 1
3.158664 15.554937 -1
4.306937 17.214188 -1
18.334418 4.692909 1
18.886352 14.015108 -1
18.746797 8.034831 -1
16.050807 0.800662 1
15.077928 15.483437 1
2.373737 6.961691 -1
4.958734 3.438994 1
18.497370 11.490788 1
14.567119 4.212448 -1
13.476967 3.044341 1
17.391704 14.555687 -1
13.573374 19.943142 1
19.200043 11.241714 1
16.860245 4.881906 -1
19.010645 14.608187 -1
2.789186 15.257265 1
14.992715 19.533693 -1
0.952182 16.785251 1
3.452377 13.933486 1
8.972274 1.563759 1
17.640289 7.075140 1
10.144098 0.255792 -1
17.514548 19.189134 1
1.321557 2.819647 -1
17.950693 1.714478 -1
0.662947 17.531461 1
6.659592 3.344588 1
0.091274 12.692080 1
18.034762 16.869366 1
15.980287 18.777810 1
6.163802 3.190410 1
1.751047 16.403807 1
0.220927 7.013763 1
4.391501 3.337020 -1
19.699254 3.870331 -1
17.790494 13.229096 -1
2.453699 1.824665 -1
4.997409 16.915931 -1
9.756204 17.847897 -1
1.921943 7.012788 -1
2.176634 15.283824 1
17.714145 0.434771 1
15.597603 1.171225 -1
18.034356 5.039354 1
3.485466 17.378601 1
13.629724 1.786471 -1
18.474372 16.664316 1
4.088877 18.580283 1
13.274376 3.644607 -1
4.978676 4.638495 -1
15.775114 16.107333 -1
15.272461 17.630412 -1
0.649808 18.618053 1
0.901678 19.330173 -1
11.126386 16.996906 1
2.365139 8.240407 -1
8.542180 1.273499 1
1.853090 16.048535 -1
7.142920 2.646313 -1
15.625143 17.529174 -1
6.263397 18.677986 1
3.060394 15.115205 -1
10.930182 2.986198 -1
1.315526 14.740212 1
5.668725 1.321241 -1
2.029439 5.912798 1
1.616841 8.676168 -1
18.637933 5.050511 1
18.620013 14.178951 1
3.561623 17.971451 -1
3.554053 2.900157 -1
19.551898 13.670414 -1
4.375266 15.544469 1
14.596237 19.264589 1
2.467408 13.987076 1
16.959445 1.304539 -1
9.428618 2.206673 -1
3.518377 12.845814 1
1.881903 9.909501 -1
12.433022 18.097720 1
18.341658 0.544435 1
3.532571 14.991372 1
3.775087 6.708166 1
13.329686 3.017279 -1
8.102704 0.974344 -1
3.906703 14.825202 -1
17.850558 18.479495 -1
17.485387 12.633022 1
9.257730 2.126104 1
16.760265 3.208123 1
2.127197 7.281300 1
2.863531 4.395174 -1
18.346215 8.470250 1
16.888792 5.676195 -1
1.731199 7.111095 1
7.771557 18.255602 1
5.945182 0.812717 -1
17.470072 18.979931 1
3.599718 4.966998 -1
19.346892 3.710112 -1
6.160570 16.420707 1
1.744413 16.975356 -1
15.083285 16.799039 1
10.536654 2.762712 1
19.164297 16.002730 1
18.663289 19.734991 1
8.279524 19.519947 1
4.421355 2.153669 1
13.560578 18.207722 -1
18.287776 15.958010 -1
7.735217 1.160440 -1
1.045268 3.178010 1
2.551939 8.627967 1
10.640052 0.676693 -1
4.182934 0.764927 1
1.439727 12.780232 -1
3.664027 5.312805 1
19.394175 12.287122 1
2.480455 6.271648 -1
2.797232 10.766895 1
0.164672 18.372785 1
3.935636 14.980225 -1
18.236011 1.991147 1
18.775603 3.994193 -1
16.624129 5.763295 -1
2.950484 11.395405 -1
3.817414 14.755120 -1
17.501653 7.288009 -1
2.195536 6.604879 -1
0.397444 4.037649 1
2.326248 18.731415 -1
7.075968 16.915297 -1
1.589020 1.025672 -1
2.591382 3.716174 -1
7.526902 16.895624 -1
18.081015 1.854854 1
2.877698 11.458866 1
18.640667 7.254263 -1
14.155319 0.401030 -1
13.918900 3.613774 1
6.434188 17.218370 1
12.744581 17.397971 -1
2.218704 4.506492 1
4.637564 4.632589 1
14.674155 16.577321 1
17.305388 3.194317 1
3.426603 19.357790 1
19.678707 1.887088 1
19.574485 8.685881 -1
19.008129 19.874830 1
19.559564 12.470971 1
2.396339 3.568132 1
6.586511 16.581081 -1
3.469659 13.980754 -1
0.849668 15.683644 1
0.860130 0.168756 -1
14.498433 18.185944 -1
13.677425 2.772541 -1
2.791380 3.988755 1
9.316886 0.941146 -1
2.128303 0.890259 1
18.048833 14.327711 1
19.362373 7.310878 -1
11.303783 1.286053 -1
18.906910 6.878543 1
15.811455 0.716393 1
15.480013 16.454109 -1
16.712895 5.850241 1
17.401361 9.788990 -1
7.291061 18.728869 1
0.737868 4.172885 1
2.623914 4.211355 -1
18.559456 18.849603 -1
17.344377 7.183029 -1
17.962738 14.804050 1
19.262546 7.616645 1
3.505510 19.584755 -1
11.133991 3.083028 1
13.778655 1.604393 1
18.250143 6.119339 -1
10.556469 2.665188 -1
0.825667 17.991186 1
11.975934 19.931497 1
16.784375 18.161008 1
17.879260 1.337353 -1
19.842186 17.565717 1
3.048364 15.938733 -1
8.248098 16.887835 1
3.157444 15.316417 -1
1.201225 10.539693 -1
16.954545 16.808830 1
3.130175 18.062782 1
14.047520 4.282940 -1
2.149432 4.688578 -1
2.277319 4.936250 -1
0.592173 19.881042 1
7.584784 2.165641 1
19.329909 16.455272 -1
2.005355 5.447945 1
1.256786 6.919925 -1
3.365574 5.052150 1
12.878612 18.508602 1
9.432640 0.240305 -1
2.760503 1.911416 1
3.188981 3.764446 -1
11.162671 1.523912 1
6.576097 16.249311 -1
10.696764 1.212371 1
8.825312 17.074298 -1
18.630929 14.711180 1
0.220669 2.945882 1
2.881220 2.222246 -1
8.566241 3.031277 -1
10.821136 1.329388 1
18.501873 7.855147 1
3.154601 14.891468 -1
0.331744 17.071433 -1
3.862708 5.611760 1
0.679983 13.498896 1
1.622351 14.919818 1
18.252600 12.335328 1
12.290649 2.686258 1
15.727653 17.983902 1
0.783003 6.529287 1
18.526941 17.673144 1
1.325427 7.300336 1
3.967624 16.478031 -1
1.933956 0.506252 -1
17.322464 1.452898 -1
6.042825 18.111391 -1
8.541575 17.768713 1
17.489589 13.919498 1
17.619186 15.616346 -1
18.730302 7.602047 1
6.025464 3.366549 1
0.084296 3.196677 1
2.607385 9.212867 1
8.541903 0.433397 -1
15.685041 19.660722 -1
15.366907 19.046498 1
15.136405 15.203518 1
5.039418 15.378347 1
12.980348 17.837841 -1
3.136051 16.720727 1
0.974175 10.598881 1
19.427342 5.111651 1
0.302093 15.863364 -1
17.125555 8.618338 -1
16.432363 5.481334 -1
6.326083 16.335309 -1
1.564923 19.224650 1
12.438313 19.108148 1
9.946650 18.202014 1
0.198541 8.975561 1
14.379173 4.154578 -1
4.324776 4.987226 1
8.513421 2.068139 -1
13.810397 2.520499 -1
2.222838 7.735787 -1
2.479344 13.951166 -1
4.041777 19.158689 1
0.076618 8.070964 1
18.585777 14.707371 -1
2.719611 10.293874 1
3.538734 5.163167 1
2.041511 7.348344 -1
19.008449 5.549256 1
2.790273 19.654984 -1
1.118352 11.206777 -1
11.932451 0.759437 1
17.958712 12.033132 -1
15.705128 4.772038 -1
16.955756 2.199816 -1
1.736586 7.017945 -1
3.741233 17.416119 -1
10.081748 18.218081 1
18.479360 13.342265 -1
4.321586 3.939057 -1
3.601549 13.017904 1
5.260533 16.906441 1
3.058489 5.664421 -1
19.165125 17.516688 -1
0.583815 4.645175 1
2.476587 18.203540 1
5.964790 3.031397 1
17.479662 2.515455 -1
1.530664 10.649697 1
1.688822 7.344833 1
18.648938 2.003379 -1
5.050205 17.952512 -1
18.751991 9.142212 -1
18.410924 17.785795 -1
0.856625 8.309096 1
3.850987 2.510172 1
18.207132 9.790265 1
8.281377 19.556984 1
0.118431 15.345396 -1
5.806827 3.660506 -1
2.294241 3.846816 1
1.948483 18.358923 -1
7.387666 19.253662 1
14.566071 15.618922 -1
19.036978 9.315234 -1
5.340715 2.249923 -1
5.595958 3.312283 -1
0.681619 9.094698 -1
19.613046 15.931253 -1
1.300843 6.668015 1
6.385488 19.804908 1
2.339515 6.804239 1
4.405384 2.164012 1
17.962987 13.715808 1
12.660964 17.938649 -1
15.237928 17.512878 1
10.393742 19.136636 1
15.441018 16.849098 1
14.811574 15.620087 1
14.223290 3.839328 1
1.250918 1.922984 -1
4.751679 2.537904 -1
6.177560 3.758060 1
6.545484 16.757078 1
16.949221 19.626570 1
5.863757 17.338846 1
1.189179 9.464963 1
4.681165 3.915033 1
17.033507 12.853529 -1
1.016748 4.593809 1
19.696250 2.980125 -1
3.408898 15.164071 1
8.348524 2.277809 -1
1.562503 10.936619 1
16.941540 16.989449 1
0.476303 2.518938 -1
13.944878 1.065075 -1
0.016345 7.255932 1
0.827297 4.369828 -1
1.515843 5.667850 -1
4.790569 1.904407 -1
6.401189 16.050685 1
16.334843 14.669402 -1
19.767335 14.663613 -1
19.681834 3.896729 -1
11.263143 2.670067 -1
19.632984 1.696047 1
5.512081 1.932689 1
19.827062 1.635619 1
9.703105 1.060166 -1
17.924487 12.209916 1
17.781145 12.019291 1
1.820870 9.560048 -1
15.992827 17.450039 1
18.039332 6.365986 1
5.790390 18.974343 1
4.434307 17.054014 1
18.073618 16.596364 -1
4.610589 18.178459 -1
7.215915 3.155720 1
3.955221 4.303535 1
18.220091 15.403105 -1
0.003486 11.017951 1
5.018055 17.310702 -1
19.289931 13.008799 -1
10.383803 19.242290 -1
16.092864 5.531932 -1
6.369153 16.262152 -1
16.813231 1.937704 1
6.684335 18.953851 -1
14.128522 16.816169 -1
5.306091 19.001618 -1
3.764767 0.918009 -1
8.051444 1.570627 -1
0.662125 6.564520 -1
13.080353 19.489324 -1
