6.305601 2.988803 -1
6.167793 3.285068 1
19.921098 5.346917 1
19.574837 12.015062 1
2.118391 18.206470 1
7.328164 18.837521 1
5.060521 16.790008 -1
11.400682 0.529739 1
7.666706 17.093615 1
13.754246 1.328919 -1
7.536919 18.621657 -1
5.468784 3.165101 1
18.736472 3.048667 -1
4.442131 16.186141 -1
17.798289 15.765403 1
19.755024 6.067421 -1
16.562721 18.064548 -1
0.151582 16.916674 1
0.460050 3.061256 1
11.414551 0.674971 1
3.109775 6.786154 1
3.454406 15.763557 1
10.535089 18.961321 1
10.677580 0.763639 1
17.231992 13.871781 -1
1.225351 18.257406 1
19.393598 7.885702 1
15.476195 1.005720 1
15.966318 16.879676 1
14.780884 3.267861 1
0.193799 4.645478 -1
4.320314 18.365610 -1
10.996706 17.189809 1
10.778867 19.642443 -1
17.325195 1.293358 -1
19.498641 14.968113 1
11.014144 2.151472 1
13.265846 18.869249 1
1.959997 14.734074 1
18.335931 2.537304 -1
19.711813 16.286997 -1
18.766249 1.839485 1
19.543740 11.112517 -1
17.917359 5.212523 1
6.759254 17.392758 1
2.011676 16.520551 1
7.249097 18.014997 -1
3.813060 1.252916 -1
17.085015 6.493725 1
2.752308 3.909753 -1
9.218814 0.232622 -1
13.692819 18.833697 1
17.036776 11.581821 -1
19.200955 10.395626 1
4.580756 5.435318 1
4.673730 4.835887 -1
3.103727 19.317455 -1
16.877882 0.734948 -1
17.846966 4.206380 -1
0.541847 16.140385 -1
1.158894 13.461136 1
3.657879 14.819264 1
18.650353 12.022050 -1
1.174903 0.985457 -1
1.258638 11.155581 1
17.683450 12.433324 1
2.693067 16.455396 -1
13.173540 1.763082 -1
19.923421 0.414691 -1
17.504637 11.854669 1
13.094943 19.829946 -1
16.461898 1.303983 -1
19.380837 5.682534 1
6.660823 3.627320 -1
18.643569 6.192416 -1
2.782229 3.666627 1
13.604307 18.923274 -1
17.692800 19.942541 1
18.078301 16.248262 1
10.003713 19.575044 -1
8.045024 19.701145 1
11.081110 18.932911 -1
1.994788 19.472474 -1
13.849997 17.817914 -1
1.510114 11.892616 -1
4.426799 14.398574 -1
6.820735 17.045787 -1
16.843400 17.067061 1
7.515647 1.217949 -1
3.249991 4.908161 1
13.781082 1.741653 1
3.814910 16.925428 -1
3.511587 7.020741 -1
15.900543 13.851866 1
3.027959 2.734739 -1
1.882065 19.805526 -1
2.878211 15.223024 -1
3.817513 4.800312 1
8.773672 0.395267 1
12.394485 2.315472 -1
6.197878 3.490207 1
12.754645 19.228823 -1
17.920268 14.040631 -1
5.333024 4.094312 -1
4.555792 2.730108 1
4.215917 5.761974 1
0.059271 19.987123 1
1.890527 19.122947 1
18.709295 11.576090 1
17.922033 15.833027 -1
0.659681 8.320197 1
3.321268 19.447820 1
5.934711 0.406355 1
17.132149 2.912999 1
4.382144 4.904250 1
14.648245 15.503193 1
5.353613 15.555599 1
9.040683 19.910039 -1
10.235467 18.482795 -1
0.885953 3.344113 -1
18.740130 0.201844 1
9.708100 19.080494 -1
9.974873 1.291133 -1
7.488311 2.548797 -1
17.582719 16.662369 1
18.057231 15.867203 1
4.582762 4.730915 -1
5.699341 1.613899 -1
10.469701 19.177220 -1
6.330631 1.648332 1
10.395826 2.547303 -1
18.631694 9.441431 1
2.346425 9.247634 1
0.843982 10.037547 1
1.217942 0.622196 1
15.854697 16.923824 -1
3.293656 18.379260 1
3.088318 18.022098 1
7.399616 18.138347 1
19.157884 9.317634 -1
3.202733 14.806078 1
8.753383 17.600125 1
1.708872 12.123225 1
0.508240 16.988594 1
3.040202 3.384337 -1
1.677236 5.400844 1
19.778386 2.432220 -1
2.467497 6.008491 1
18.782723 9.211731 1
0.855235 12.753457 -1
19.469498 7.319475 1
5.937056 0.879764 1
16.180638 13.916764 -1
15.112195 3.544229 1
6.017194 1.794669 1
5.510393 0.059594 1
6.216012 17.537082 1
17.869624 14.130165 -1
18.021076 13.732739 1
2.557165 13.276579 1
19.005477 0.132464 -1
14.339416 0.799262 -1
2.186330 19.026686 -1
0.350867 18.580791 1
17.026973 10.677767 -1
2.091737 11.950269 1
15.409359 0.100438 -1
18.715703 11.373440 1
1.183405 4.172150 -1
8.231546 17.233515 -1
16.741468 14.534774 1
19.802302 9.862826 1
19.016990 16.022422 -1
2.652230 16.379945 1
2.184598 16.615848 1
1.195684 7.794521 -1
15.446394 14.959580 -1
15.715133 16.703283 -1
14.352306 18.452841 1
18.832977 15.056089 1
2.494160 17.967918 -1
8.529931 17.082259 -1
16.919263 6.666344 -1
12.135638 2.512218 1
11.310358 19.042833 1
10.765010 0.196262 -1
12.084133 2.903675 -1
18.382672 9.060549 -1
2.346377 13.307209 1
19.617045 8.558491 1
3.687417 5.302772 1
3.049987 16.898033 1
19.828705 15.568987 1
0.455291 10.449869 1
11.403434 1.162335 -1
17.462379 9.893934 1
0.670120 16.578079 -1
10.976261 2.758452 -1
14.930051 4.400374 -1
3.378883 17.378948 1
1.353122 8.826888 -1
2.525949 7.665722 1
0.047336 9.129826 1
5.687238 4.412665 1
1.241661 3.713105 -1
2.886901 15.170070 -1
7.116849 0.693983 1
6.160436 16.740787 1
1.477374 9.930181 -1
19.754399 5.732579 -1
2.536458 0.503308 -1
13.512446 2.727699 -1
9.443349 1.516536 1
2.624659 1.723638 -1
3.513163 0.874791 -1
2.146238 16.111008 -1
19.569374 8.641108 -1
4.090269 2.367164 -1
8.932871 2.483930 1
16.684612 4.551432 1
0.544514 1.181081 1
1.054314 6.398122 1
17.539707 16.565132 -1
15.563229 2.356230 -1
17.482388 6.027608 1
19.428396 10.427904 1
0.097476 5.673095 -1
0.363615 9.894704 -1
1.570373 15.664644 -1
18.479022 1.759736 -1
18.235486 14.983652 -1
19.269297 6.279571 -1
17.268128 0.127456 -1
5.648055 0.144899 1
4.286232 5.254286 -1
3.681044 15.751133 1
2.323370 14.664944 -1
15.270052 16.062779 -1
18.020100 18.591352 -1
15.697686 5.608887 -1
8.408549 17.257601 -1
3.644889 1.466181 -1
18.671360 8.631183 -1
2.601843 19.285998 -1
13.114088 19.783227 1
15.580261 14.768308 1
18.250335 4.823650 -1
19.536598 3.537047 -1
17.151470 3.508420 -1
2.074429 14.717002 -1
1.067807 6.000199 -1
0.838960 13.902013 -1
4.293595 15.800992 1
12.171872 17.946991 1
2.370284 7.215900 -1
19.114720 10.571543 1
0.265950 10.191391 1
15.387844 16.901650 1
14.788059 2.242789 -1
18.365083 11.221949 1
5.156437 2.641210 -1
1.083012 4.800881 -1
18.936615 19.537419 -1
3.017256 18.545884 -1
2.103155 1.892058 1
7.357718 17.874786 1
19.181186 1.118296 -1
0.347429 7.554844 -1
15.856122 15.219290 1
16.749818 12.337863 -1
1.314429 0.369423 -1
0.855490 7.081721 -1
18.459051 15.947068 -1
1.642514 18.102823 1
12.889752 17.604769 1
5.566887 2.873386 -1
15.824113 15.839072 -1
18.807526 6.003174 1
6.957098 19.801758 -1
0.033324 19.185970 -1
16.930255 16.563042 1
10.664118 19.554813 1
10.284717 17.348847 -1
12.167754 17.254836 1
0.363465 10.774703 -1
6.012627 1.384208 -1
17.785447 10.725990 -1
17.827571 13.514065 1
16.011379 17.505538 -1
5.784954 0.771752 1
9.946904 19.158199 -1
17.468875 18.917103 1
10.127221 1.562894 1
2.913224 12.181595 -1
1.790474 5.092247 1
11.471855 18.768374 -1
0.946904 19.485700 -1
3.103780 15.088872 1
7.782959 18.263601 1
10.708879 2.243371 -1
18.744911 5.252319 -1
15.756625 1.302109 1
3.111976 15.799522 1
18.091541 2.680225 -1
7.190927 2.699878 1
4.387891 0.336674 1
1.991887 1.565711 -1
16.788301 7.956171 1
15.111736 16.888515 1
1.675962 4.318196 1
8.325524 1.039982 1
7.080600 1.701603 1
11.423193 19.395975 1
14.445629 15.826358 1
8.363694 2.459205 1
17.216698 7.046164 -1
19.106165 10.782488 -1
4.778087 3.748270 -1
18.247673 18.117975 1
4.801710 4.074381 1
0.517761 6.915471 1
12.174779 19.220976 -1
7.518999 19.116863 -1
18.520424 18.627711 1
0.607901 8.451678 1
16.809782 15.028711 1
19.721884 8.102913 1
18.976173 19.136315 -1
16.223654 14.738398 1
1.857466 14.846633 1
19.238125 3.783182 1
18.344151 7.176151 -1
10.211420 2.997324 1
17.253814 6.391435 -1
3.595893 13.638967 1
13.687957 3.988174 -1
2.249087 13.852119 -1
12.711537 3.125902 1
3.910789 1.946745 -1
2.783028 13.191725 -1
9.592566 0.137201 1
0.005111 1.030090 1
0.603160 7.867422 1
12.816986 18.468490 1
3.872283 17.392755 -1
0.559426 17.895132 1
18.364125 14.563749 -1
9.409485 19.020966 1
3.144609 5.192733 1
2.607784 1.645406 -1
14.449386 4.246583 1
4.567887 5.454378 -1
13.882437 0.866151 -1
17.740751 3.822790 1
2.635476 4.111202 -1
17.700554 18.753191 1
6.320778 2.884320 -1
19.303901 13.047732 -1
11.231551 1.978311 1
19.409475 15.862402 1
3.483930 4.487880 1
5.373182 15.272573 1
14.368948 1.101605 1
1.432654 0.852364 -1
1.967418 8.458908 1
10.129089 0.006783 -1
2.116522 19.194554 -1
18.581547 9.831877 -1
17.698786 14.332006 1
19.550787 14.566073 -1
15.657300 17.715628 -1
7.916870 3.316980 -1
10.123907 1.851892 -1
2.106205 12.655283 1
1.265098 6.855449 -1
3.203880 12.153582 1
1.239308 16.924367 -1
4.214304 5.820561 -1
17.412827 7.261002 -1
0.114605 8.754308 -1
5.943808 2.732597 1
9.693155 17.524767 1
18.665701 15.079731 1
2.793426 16.911885 -1
19.880637 15.414889 -1
3.450265 3.507881 1
15.957075 0.393246 1
3.804468 17.810009 -1
17.494329 10.946806 -1
14.704076 18.910378 1
3.014901 13.935349 -1
15.380482 4.733416 -1
9.328375 18.002776 1
10.059800 18.367772 -1
17.760849 17.209715 1
14.971271 2.079842 -1
3.183423 11.772885 1
0.453081 18.060726 1
6.195143 15.911538 -1
10.859435 2.629324 -1
8.855653 3.044316 1
14.312571 15.895537 1
10.210878 17.733056 -1
1.185366 12.269684 1
14.482714 18.595494 1
0.480623 5.342573 -1
13.423616 2.654127 -1
19.030246 3.472519 -1
16.467637 16.344979 1
13.433581 16.770075 1
18.159546 0.601350 -1
17.484222 19.160467 -1
2.849970 19.953113 1
2.086080 3.184542 1
10.560260 0.869641 -1
1.309529 5.581000 -1
0.406279 2.484811 1
15.441515 17.219475 -1
3.496057 13.986240 1
3.745952 19.499016 1
0.189945 12.157701 1
1.154125 0.894533 1
0.513344 1.547708 -1
18.248605 0.839436 1
1.173732 8.862746 1
2.190214 17.099901 -1
11.875910 0.446190 1
3.389902 6.193806 -1
15.580108 18.730560 -1
7.737093 16.995909 -1
3.115632 14.328013 1
2.974131 8.772743 1
1.161816 5.008316 -1
18.427892 18.177088 -1
19.859169 12.197429 -1
14.295807 16.222807 -1
16.786402 7.209835 -1
0.432234 19.056432 1
3.134583 7.562641 -1
9.847302 17.862177 1
3.570080 14.760683 -1
4.466596 19.757994 1
15.622827 17.580588 1
3.168544 18.796502 -1
10.057517 1.544832 -1
0.510082 19.649784 -1
18.053905 13.698626 -1
11.712172 17.783102 -1
1.996750 10.898318 1
14.262874 4.329921 -1
2.081135 18.110568 -1
16.497574 1.176297 1
2.994176 14.437653 1
19.036070 12.886508 -1
6.033276 19.951919 -1
3.018753 2.776496 1
16.412348 19.386737 1
19.724665 3.521243 -1
18.237967 0.931350 -1
18.617565 4.690048 -1
11.434841 0.765026 -1
6.745172 3.462328 1
5.192302 4.207678 1
8.307498 17.889149 -1
15.961228 16.640696 1
8.828241 0.381285 -1
14.535744 15.702272 1
1.392849 8.664686 1
1.300566 19.463241 1
17.894051 13.173943 1
4.967971 19.087839 -1
15.421761 15.802385 1
5.701744 17.477833 -1
17.790088 1.024091 1
5.481413 2.180342 1
1.343658 16.437759 1
3.245784 7.697418 -1
8.906770 19.018229 1
1.339053 5.847977 -1
16.152673 19.128450 -1
17.370113 0.935197 1
18.809816 6.202792 1
9.110458 1.801176 1
0.885438 8.239421 -1
4.123688 15.831875 -1
13.910733 17.778274 -1
10.177073 0.234276 1
5.658252 2.702689 -1
11.629299 3.077141 1
17.726629 6.457183 1
11.027537 17.058770 -1
17.650701 13.483318 1
0.576257 5.157664 -1
18.458776 3.394754 -1
4.085816 15.391398 1
2.814948 16.300319 -1
17.767374 4.105803 1
4.844802 1.915307 1
16.488679 16.131773 1
7.120206 17.191210 -1
