5.709009 3.921110 -1
10.981546 18.547406 -1
19.942543 16.121618 1
16.705712 13.810023 1
4.636747 14.551564 1
1.793264 14.162147 1
18.718892 17.644313 1
0.917024 5.036069 1
5.336258 2.020566 1
17.079675 0.129608 1
0.398992 12.654530 -1
16.686225 1.813369 1
10.404628 0.431013 -1
0.718839 7.350747 -1
3.587933 17.366574 -1
3.061664 0.866737 1
15.526527 16.620998 1
2.098852 11.272631 1
17.423070 3.304818 -1
0.052646 12.477977 1
3.402073 5.707045 -1
7.877613 1.073469 1
1.396026 17.066565 -1
15.131711 15.853683 1
6.388214 2.950375 1
12.192352 18.917978 1
8.916694 17.102847 -1
17.475075 18.690617 -1
17.003359 3.392901 1
0.202517 7.725600 1
13.881733 0.768099 1
7.817211 0.484698 -1
9.021201 17.849202 -1
2.308545 14.833788 1
2.535270 17.273020 -1
17.943633 6.066248 -1
1.041643 6.031329 -1
11.775563 3.118251 1
2.502040 7.890339 1
18.249530 14.541163 -1
4.897862 2.260585 -1
17.437670 17.904549 1
17.200704 18.356514 1
17.397830 2.758377 -1
1.738988 13.244391 1
19.695287 5.197775 1
1.184624 18.788569 1
5.087869 2.499251 -1
3.863300 14.304612 1
16.219027 4.139523 -1
17.964774 17.296020 -1
17.764597 10.132854 -1
6.781714 3.623344 -1
3.326799 4.401361 1
18.751714 18.996059 1
2.117825 7.275963 1
3.023707 15.942454 -1
0.520136 12.782795 1
6.690583 18.528224 -1
14.520010 16.237978 1
18.291148 6.686135 1
19.936283 9.760577 -1
2.273653 1.480796 1
3.347281 18.863469 -1
2.821069 11.142539 -1
8.494278 2.635937 1
15.220446 5.058340 1
2.773546 9.231915 1
16.812564 5.953280 1
2.726771 19.183388 1
8.738149 17.931212 -1
7.633172 19.661249 -1
5.381653 15.722344 1
19.258330 12.632984 -1
10.518821 19.042035 1
10.794464 2.451494 1
19.741804 16.031458 -1
7.119474 3.180155 1
0.679734 16.263962 -1
13.905258 15.863973 1
18.489171 1.433602 1
18.340905 6.740081 1
9.040793 0.551707 1
13.626599 19.698269 -1
3.548059 1.106585 1
0.376222 8.425875 1
15.868059 0.323008 -1
4.560546 18.804044 -1
17.607577 13.797361 -1
14.947505 2.488760 -1
2.245955 15.438931 1
16.854846 4.553145 -1
3.423812 1.191187 -1
13.537228 19.469081 1
0.573252 6.533898 1
0.811647 16.148769 -1
11.988367 0.847939 1
12.991889 17.499214 -1
19.508264 4.660079 -1
16.786770 2.010528 1
16.424369 3.900463 -1
3.091516 12.424851 -1
9.061942 19.008221 -1
0.906435 9.508883 -1
5.150499 3.989269 -1
0.374939 16.290503 1
16.867984 1.072281 1
18.483545 18.759446 1
19.486762 13.300805 -1
16.042304 3.101550 -1
17.881644 5.897938 -1
0.130523 9.604509 -1
9.307546 17.295949 -1
0.738177 9.568062 1
17.015767 4.153559 -1
0.742098 12.491784 -1
7.026285 19.304787 -1
0.124609 15.240311 1
1.731147 8.368503 1
10.833873 0.052745 -1
10.947742 17.396944 1
2.387244 18.572044 1
14.696225 17.167596 1
15.714174 15.234851 1
2.629256 15.431475 1
10.026992 1.543327 1
17.832965 16.875361 -1
0.885820 15.304582 -1
9.069138 0.299727 -1
16.800631 1.140452 1
7.006053 2.753668 1
6.136459 17.081353 1
2.533378 1.789886 1
18.957167 16.272295 1
4.435157 19.982009 1
16.787848 16.443284 -1
0.168265 10.205519 -1
6.933777 17.078821 1
5.728813 4.425624 -1
0.764613 6.174762 1
18.677522 13.437197 -1
17.239559 5.593462 1
3.021846 11.810193 1
17.231618 13.447081 -1
2.259885 7.012289 1
17.793740 1.761262 -1
16.758537 3.251692 1
8.216848 19.652659 1
3.048876 15.428073 -1
15.417418 19.287665 1
13.291774 1.146577 1
15.042915 4.210440 -1
16.902654 7.816511 1
8.598184 2.580114 -1
10.784096 0.808729 -1
19.292267 16.397596 -1
1.216513 10.974054 1
12.835453 18.437835 1
5.448095 3.027987 1
17.192849 19.771654 1
13.931799 0.140079 1
19.295401 19.300748 1
18.075719 0.439439 -1
10.323743 18.987173 1
18.707209 8.676568 -1
5.261874 17.650378 1
19.048450 14.977114 -1
1.991137 7.825187 -1
1.820419 1.627042 1
15.395749 0.787640 -1
7.412996 16.735581 1
7.501856 17.778682 -1
13.654388 19.637254 1
2.053060 0.866031 1
9.340647 17.098172 1
19.552831 9.974817 -1
17.055794 14.615432 -1
17.756005 5.300778 -1
19.847916 13.679982 -1
1.078241 14.913432 1
6.828776 19.529434 -1
0.832075 14.789975 -1
2.374952 19.354590 -1
13.849969 4.111479 1
16.161734 19.031296 1
13.106696 0.150913 -1
17.157702 4.125857 -1
2.440057 4.033410 -1
16.316425 13.240023 -1
12.196856 2.973490 1
17.636434 13.135874 1
10.957995 17.892044 1
13.850118 0.151833 1
9.670451 19.493571 1
18.584924 12.458739 1
1.619219 15.587056 -1
19.249981 17.329868 -1
9.751111 19.448912 -1
2.324379 7.464512 -1
1.462825 2.484794 1
0.404196 7.224501 -1
1.706690 19.613048 1
2.776403 16.871888 -1
19.604376 10.727467 1
1.326028 11.990316 -1
14.383176 16.581747 -1
3.433765 4.486370 -1
1.017622 16.086367 -1
3.613700 17.548192 1
11.692179 18.769383 1
14.667848 16.696609 1
14.949329 18.151610 1
12.026196 2.687217 -1
2.833092 7.516465 1
15.733727 1.619827 1
13.562780 18.604022 -1
5.148428 1.049696 1
10.407333 0.386154 -1
12.921530 18.208939 -1
3.969630 15.495366 -1
9.594037 1.505515 1
15.172688 17.170763 -1
19.954676 6.994416 1
11.334316 0.498218 -1
19.812944 3.880901 1
16.994505 16.132925 -1
12.618136 0.074465 -1
1.482434 11.286383 1
18.663338 14.394989 1
14.118020 17.262521 1
2.975347 17.422531 -1
11.027350 0.232444 1
9.288959 17.139183 -1
8.301081 19.535971 -1
11.936299 19.879665 -1
13.422026 18.450305 1
4.184461 18.295443 -1
7.220044 3.132770 -1
8.064211 18.099089 1
3.422361 4.006095 -1
14.308594 15.753746 -1
8.889248 0.393201 1
0.871791 8.484035 1
4.128500 14.802216 1
2.339016 14.413629 1
9.737625 0.556686 1
4.614041 17.631285 1
3.582380 14.411648 1
2.101832 18.733529 1
2.798294 17.478364 1
2.585399 14.867307 1
16.829018 4.458790 -1
19.751224 16.374760 -1
15.262437 2.892734 1
17.632756 2.943848 -1
2.152403 13.888801 1
4.142417 17.811439 -1
0.714242 4.561652 1
16.414041 3.271338 1
17.709056 2.817858 1
18.404439 14.981592 -1
4.783181 3.448371 -1
15.469203 3.141220 1
17.366802 3.452363 -1
19.925894 14.918846 1
3.541806 3.174446 1
18.833575 3.230014 -1
2.699628 18.344076 -1
2.969111 6.255288 1
11.780291 16.990422 -1
18.431563 2.815629 1
4.004684 15.739845 -1
0.435139 19.588457 1
3.376496 6.491948 -1
4.696547 16.646313 -1
4.442455 2.898033 1
3.024572 6.006155 1
12.957885 1.303802 -1
2.935712 8.283134 1
14.684567 2.431014 -1
0.651895 17.508231 1
11.735836 2.251381 -1
7.558150 0.894070 -1
1.989331 1.751157 1
6.416033 1.172866 -1
17.729407 7.415182 -1
0.850061 11.682184 -1
6.498711 3.859421 1
18.654005 16.867428 1
3.159513 14.784468 -1
17.106141 5.731976 1
2.319742 7.749254 1
4.421030 2.337956 1
1.781372 7.192392 -1
10.176767 18.763866 -1
10.933397 19.817152 -1
17.000863 12.969742 1
12.222525 2.658973 1
9.883306 18.277094 -1
17.843730 3.631642 -1
4.917789 3.247875 1
19.819618 19.134506 1
16.931048 4.211748 1
4.858152 2.809304 -1
5.811428 16.269144 -1
3.144124 1.368331 1
2.660041 12.484189 -1
17.987273 15.146675 -1
18.751335 1.152754 -1
18.909967 7.262133 -1
1.982654 5.362287 1
0.284968 3.713727 -1
4.309676 5.313878 -1
15.759124 16.555424 1
18.103798 11.557816 1
12.847641 3.320935 1
1.092842 2.907340 1
11.102975 1.778458 1
5.821483 1.624537 1
9.459264 18.878852 -1
18.820181 0.690447 1
12.464201 17.024341 -1
2.852209 16.339859 1
1.618365 2.892879 1
1.901294 9.760452 -1
7.866382 1.629633 1
1.786951 13.416656 -1
2.301170 16.759430 1
0.091868 15.822564 1
17.846635 10.163689 1
7.365325 3.110264 -1
16.786757 4.756284 1
0.015029 16.343338 1
7.812656 3.127255 1
4.834290 19.321793 1
0.887338 6.342858 1
2.695701 0.678868 1
10.632613 0.449088 -1
13.378558 17.238122 1
0.099766 12.454426 1
13.211610 1.129726 -1
4.619324 18.852692 1
1.659020 3.178070 1
0.940899 19.118943 1
0.531905 9.522166 -1
19.697303 16.577136 -1
10.964835 1.876743 1
1.893752 10.452350 -1
3.567759 15.727306 -1
8.875876 17.255818 -1
0.035888 3.341070 1
19.712383 1.686846 -1
16.844702 14.867906 -1
14.874567 0.319805 1
1.570998 13.588625 -1
15.535872 0.812210 -1
0.952319 12.413454 1
0.338141 15.880494 -1
17.217319 11.395021 -1
5.266612 16.987154 -1
17.043068 19.193825 -1
0.742112 5.915014 -1
0.836279 17.911341 -1
0.802908 17.703415 -1
15.863720 1.856977 1
19.964710 5.059736 1
2.945839 15.907185 1
18.203819 12.150763 -1
2.380091 19.034722 1
15.671626 4.747690 1
12.450832 2.265025 -1
3.509602 6.555852 1
2.228349 3.748438 -1
13.420000 2.571142 1
19.021648 6.626390 1
12.654848 3.153027 -1
19.489339 6.202000 1
14.244801 0.306144 1
2.188271 9.272216 1
4.064751 15.973079 1
19.345426 7.997211 1
19.671305 8.206139 -1
2.401557 6.892925 1
8.709054 18.188063 1
6.433936 3.975383 -1
11.151740 17.705428 -1
1.244178 12.152317 -1
16.942280 4.699680 -1
7.235584 17.277777 1
18.043784 10.351860 1
3.411703 3.408901 1
2.843468 10.691069 1
2.105461 8.962678 1
8.161343 17.886078 -1
13.355860 19.905692 1
1.441237 6.626186 -1
2.690503 8.546001 -1
17.264800 3.309654 -1
17.362310 19.783241 -1
19.711137 1.657494 1
11.761277 18.339180 -1
14.109708 1.182258 -1
19.632946 4.334082 -1
9.219561 1.458021 1
3.383628 13.347814 -1
1.934446 15.195114 1
11.108065 19.384439 -1
6.666360 0.232843 -1
17.745761 9.957815 -1
13.465923 2.410215 -1
11.743423 3.145387 -1
5.913515 16.951386 -1
6.791894 3.612521 1
3.113770 0.921403 -1
19.010719 15.036772 1
12.307361 1.751387 1
18.637519 19.677048 -1
2.123691 14.789550 1
1.156576 6.627371 1
9.569261 17.548576 -1
16.004666 19.330854 -1
6.206032 3.565367 -1
11.174402 18.983716 -1
2.153905 5.288311 -1
15.603857 19.880246 1
7.486163 3.431703 -1
0.855163 0.640123 -1
3.149251 8.540079 -1
16.083634 18.500616 -1
19.956908 0.763961 1
2.157789 9.523851 1
1.913425 4.023037 -1
0.011954 10.319044 -1
7.565225 17.236768 1
7.737846 1.405495 -1
1.247775 2.832385 1
1.485045 6.812786 -1
18.486282 19.093067 -1
4.439331 14.719978 1
6.091742 3.677723 1
17.991672 12.517689 1
18.926863 12.468319 -1
13.292247 1.442483 1
7.774241 17.099643 -1
12.323834 0.757285 -1
3.194790 17.866808 -1
19.842235 6.152945 -1
12.470234 2.930637 1
15.006137 3.593090 -1
11.518760 2.466335 1
14.584200 16.521331 -1
1.247150 13.595185 1
12.977184 19.470747 -1
19.172331 16.054479 1
14.972709 16.330525 -1
14.321911 0.049829 -1
14.919876 0.299020 1
13.514019 2.402282 1
1.079001 8.711942 -1
0.904595 17.343552 1
17.388163 3.230683 1
3.517990 2.699610 1
16.070045 2.352650 -1
1.819238 10.904509 1
4.199148 1.300295 1
12.669542 19.664292 -1
2.333694 18.455332 -1
18.278617 8.549594 -1
12.093665 19.424320 -1
13.317881 3.603747 1
3.053020 13.223187 -1
13.411987 19.404283 1
17.582635 13.846922 1
15.299999 2.595380 -1
18.646365 4.921444 1
4.573042 3.032791 -1
18.795109 1.085937 -1
1.560642 16.745616 -1
19.307505 0.850576 -1
9.522565 2.650731 1
2.992962 13.579532 1
4.393434 1.710047 -1
18.562383 13.133806 -1
3.609459 14.171736 -1
6.012697 18.354611 1
7.725560 19.840617 -1
3.704856 2.596786 -1
17.945395 14.794061 -1
14.791165 16.618737 1
0.809544 2.467597 1
15.329644 3.673296 -1
19.677982 19.263729 -1
5.889989 4.263994 1
8.421969 17.470359 1
1.628021 0.783348 1
9.887495 19.255383 1
1.106004 5.115350 -1
4.138465 4.648182 1
11.716590 0.295808 1
6.345385 17.117597 1
17.800203 0.756712 1
0.520041 5.242802 -1
1.719849 1.334762 -1
2.602968 6.754437 -1
17.300616 5.504597 1
19.797750 3.653837 -1
19.787276 2.264490 1
16.823092 5.524446 -1
1.234988 8.788806 -1
2.526550 17.997057 1
1.108286 0.522447 -1
1.880709 6.904383 -1
4.450037 0.262836 -1
17.723986 1.459360 -1
3.303542 17.991727 -1
19.869119 18.878078 1
14.925294 1.138934 1
1.975826 0.155480 1
1.367375 4.501260 -1
17.209953 16.652285 -1
1.415649 15.442965 1
16.282674 4.117254 1
9.800727 2.127381 -1
19.964177 11.482624 -1
1.275395 6.025393 -1
17.616971 0.980604 -1
2.988323 13.049119 1
16.113099 4.947593 1
18.968961 6.200528 -1
16.589230 14.817708 1
0.980016 1.975223 1
6.874662 16.966148 -1
11.699122 17.041462 -1
17.936405 14.444236 1
4.625371 4.560015 -1
0.025360 18.327899 1
19.455236 4.509728 -1
17.958275 5.077616 -1
16.275639 16.611695 -1
5.658999 16.628515 1
0.284140 1.113036 1
11.414371 18.216729 -1
2.790066 12.878375 -1
1.844504 9.543011 -1
5.955598 0.878583 -1
17.196326 8.170041 1
1.741009 11.908708 -1
17.918644 0.677687 -1
7.544102 17.993389 -1
13.840994 1.169180 -1
17.490440 3.242732 1
2.867254 13.578846 -1
10.588938 19.225696 -1
12.459827 18.756330 -1
19.409292 4.008340 1
3.721591 2.207280 -1
1.747279 19.761221 1
14.873926 3.926504 -1
1.820831 12.337951 -1
15.982595 3.443617 1
8.292582 18.089615 -1
16.132607 4.389611 1
2.871380 9.388569 1
0.453641 7.170432 1
14.255982 18.036323 1
17.327461 4.425144 -1
0.270502 19.543418 1
18.440257 19.796634 -1
2.107672 1.017906 -1
11.052916 19.276565 -1
7.921567 17.996643 -1
3.849515 18.195543 1
15.786797 1.720412 1
18.685153 7.050554 -1
1.871736 8.593813 -1
4.443512 16.024898 -1
10.122617 17.926637 -1
5.248536 4.231685 -1
19.913196 2.335741 1
15.413446 3.918298 1
16.472418 18.277137 -1
5.827896 3.417937 -1
9.813279 19.660180 -1
1.735463 8.956195 1
8.171223 19.017399 1
17.121670 2.412570 -1
1.434904 14.852726 1
2.820815 4.762865 1
0.321750 15.136616 -1
4.314306 1.565645 -1
19.279043 10.618437 1
17.587924 3.136197 1
17.717533 11.060991 1
2.513630 17.741145 -1
17.811573 0.596041 -1
16.091718 19.674821 1
0.819798 3.650629 1
7.800812 1.733689 1
0.440487 6.735280 1
16.316689 2.762363 -1
1.976342 6.759961 1
18.296758 4.658126 1
2.084346 15.424452 1
15.257094 1.962468 1
18.320275 0.074815 -1
5.484856 0.305558 -1
0.482963 15.555686 1
2.529777 18.488699 -1
2.171652 1.498024 -1
17.519518 14.013629 1
16.875830 18.323722 1
15.185457 15.869536 -1
18.824925 0.412091 -1
13.828678 18.571776 1
16.416852 16.560908 -1
4.462999 16.179106 1
2.887397 5.263258 -1
1.535500 10.078178 -1
0.245669 5.906670 1
4.426975 16.357573 1
19.721006 12.638048 1
8.771411 1.399854 -1
17.757290 15.198181 1
12.368780 2.610762 -1
1.817599 19.814043 1
3.287148 18.775436 1
13.069462 16.615635 1
2.225755 7.164980 1
14.900562 1.277416 1
17.194447 4.070597 1
1.989027 11.997120 -1
17.093672 15.765988 1
3.729261 6.110716 1
5.171855 17.502957 1
5.076619 3.146388 1
2.772669 10.973024 -1
7.319346 1.612488 -1
17.884128 6.306766 1
18.412016 8.957877 1
0.258186 6.955370 1
3.878432 19.030779 -1
19.766782 8.667908 -1
17.191724 0.409563 -1
18.931842 17.175062 1
18.942364 4.636985 -1
0.013865 16.935046 -1
17.866934 11.477618 1
4.549519 2.356404 -1
10.234435 2.718025 -1
4.783709 3.067972 -1
2.562300 4.874684 -1
7.981731 3.090379 1
18.616049 6.244207 -1
2.709432 17.183504 1
11.339844 1.704081 1
18.005345 12.128320 1
18.138675 10.638987 -1
18.528407 4.438318 -1
16.062681 18.686845 -1
4.026552 16.302550 -1
13.930976 2.113551 1
14.137958 19.125615 1
0.300722 9.587988 -1
18.142855 9.566410 1
3.852202 13.711285 1
12.170642 17.221677 -1
1.408365 13.625627 -1
18.244141 3.269360 -1
11.990444 0.592006 1
19.007359 17.936992 1
0.222548 11.057599 1
14.079148 0.549749 -1
18.831880 2.097444 1
4.953025 0.630577 -1
13.445295 3.783656 1
2.694993 15.506964 1
13.377428 1.361337 -1
0.485471 1.619614 1
17.878301 10.999971 -1
7.795311 3.105111 1
1.699638 18.480293 1
6.441165 2.871736 -1
15.249654 5.281768 1
18.792100 16.256824 1
3.531914 13.161240 1
2.992762 13.774536 -1
2.483106 5.853097 -1
17.239932 13.290028 1
8.416191 19.884717 1
16.669074 7.731969 -1
7.222975 19.900920 -1
5.726820 17.711060 1
18.282944 15.881376 1
13.083185 2.605285 -1
4.202751 16.690289 1
15.842442 18.725975 1
3.956554 19.137428 -1
5.949911 3.069881 -1
12.936008 16.681528 1
0.080915 12.215800 -1
9.083581 2.163694 1
15.975342 18.719192 -1
9.580963 2.110970 -1
7.984747 17.923322 1
13.505003 16.344656 1
17.706203 3.030182 1
13.918027 0.050992 -1
0.505815 2.588984 1
16.681240 3.806285 -1
3.824201 19.264957 1
18.486556 1.891606 1
18.883693 11.441195 1
9.151007 17.326361 1
1.667892 17.104100 1
17.563004 2.995544 1
4.578127 1.218578 -1
15.879525 2.769552 1
0.308147 0.193803 -1
1.683051 11.914237 -1
3.379582 7.077241 -1
19.224577 15.959576 -1
17.153101 17.341423 1
4.087892 17.519245 -1
19.864007 19.758632 1
10.809065 1.689438 1
2.064034 15.600654 -1
1.166897 2.691965 -1
19.608271 6.219010 -1
2.249035 11.125150 1
2.838942 18.526935 -1
1.415295 4.522390 1
9.793202 17.600599 1
18.887483 18.624674 -1
16.141217 4.737066 -1
17.310256 2.280723 1
18.718362 11.728262 -1
3.765634 4.301153 -1
13.141961 0.239681 -1
18.110263 7.611144 -1
1.841781 13.768234 1
3.159505 16.019778 1
1.704527 3.239422 1
14.218894 3.070870 -1
3.739227 4.824472 -1
1.282177 16.321768 -1
1.897126 13.218279 -1
18.991341 5.324084 -1
13.576015 19.085404 -1
16.924132 5.938927 -1
0.562435 16.916084 1
11.857774 19.317993 1
4.418069 18.534614 1
4.024727 3.813990 1
3.981452 15.867826 1
7.642826 19.991373 1
17.149865 18.833860 -1
0.090418 14.138132 -1
4.942652 17.822041 1
14.125095 1.914400 -1
19.045452 3.411331 1
12.630820 18.273713 1
5.344032 15.369257 1
11.912272 2.711750 1
4.573979 1.648941 -1
15.670871 3.583357 -1
0.845330 11.818584 -1
15.196406 18.986128 -1
17.220018 8.544181 -1
19.317643 12.591474 -1
19.586107 8.622578 1
4.116440 5.160028 1
13.433700 2.863296 -1
5.396104 19.042920 1
10.089937 17.166287 -1
3.231523 6.850663 -1
2.754983 18.627139 -1
18.905901 16.654719 -1
16.239948 18.200934 1
14.684004 15.671448 -1
6.075700 16.849092 1
8.750228 17.285596 -1
15.144074 18.387143 1
19.108821 12.414729 1
1.816395 7.555159 1
6.207698 17.608456 -1
5.844970 18.964623 1
0.858851 11.632530 1
1.405127 13.256124 -1
15.033871 1.025161 -1
16.220770 2.900915 -1
4.826642 4.776511 1
0.072876 16.013274 -1
1.626324 16.114399 -1
2.980088 4.804453 -1
19.412605 1.167506 -1
0.081376 9.990741 1
15.813115 2.571307 -1
0.249160 1.565789 -1
1.652108 16.247819 1
4.222300 17.558093 1
2.904651 0.006502 -1
12.312592 16.718591 1
0.263916 6.191478 1
2.810273 15.633074 1
10.078951 2.685768 1
2.384968 18.318915 -1
18.079449 0.347633 1
18.859242 17.788060 -1
4.803504 16.728827 -1
1.430610 6.615952 -1
1.242308 15.059688 1
0.833164 6.142991 1
18.480751 12.932843 -1
1.466792 4.871530 -1
9.347397 18.354952 1
3.711496 5.878879 -1
19.993023 2.976032 -1
8.394134 1.324393 1
19.455529 18.724642 -1
14.354844 18.355187 -1
19.456696 18.908139 -1
8.928254 1.778335 -1
7.993408 3.156698 1
0.199022 8.307437 -1
2.661694 14.434711 1
11.004223 19.873687 1
17.176665 7.143601 -1
13.385692 16.189348 1
17.702483 1.709113 -1
14.861866 16.393306 1
3.923358 2.394060 1
17.290502 9.665821 1
17.763475 15.468623 -1
1.754399 17.066526 1
1.148981 4.253512 1
19.652432 7.707671 1
19.044980 10.056318 1
16.186251 17.454737 -1
4.128926 18.002904 1
17.998008 9.253834 -1
2.511588 13.149839 1
16.607762 2.958053 -1
3.227309 13.629413 -1
2.146177 6.301882 1
16.861025 14.095753 1
0.546926 9.403162 -1
14.076104 2.885506 -1
0.276303 6.771121 -1
0.751770 9.372082 -1
10.510441 0.276969 1
15.869019 17.126779 1
19.871047 3.378952 -1
5.981926 18.815966 1
9.437582 19.313131 1
19.466097 1.764094 -1
7.284571 3.060992 -1
6.272658 19.063402 1
7.881043 17.495650 1
5.284915 0.999428 -1
18.308003 13.683610 1
8.348198 19.631204 -1
4.100632 19.679341 1
9.515463 18.969132 -1
2.474324 18.377396 1
18.621471 3.291084 1
0.662261 6.395449 1
15.625323 3.173993 -1
13.300502 17.182228 -1
0.448715 13.235394 -1
12.803875 0.191114 1
19.664988 3.012151 -1
3.216493 3.198565 -1
19.761536 16.130960 1
17.205360 12.271371 -1
14.766074 0.159453 -1
13.642634 17.617236 -1
9.199703 2.661052 -1
7.193830 19.725003 -1
18.239747 9.816572 1
5.319751 4.003599 -1
3.593970 3.806467 -1
17.979120 18.927810 -1
5.018854 2.366505 -1
18.420031 16.074233 1
5.593166 16.077421 -1
0.423152 10.174836 1
1.380921 11.586873 1
0.509087 10.395608 -1
18.242802 18.313706 1
18.981862 3.052960 -1
1.396218 4.135059 -1
6.616045 1.387279 1
8.584408 17.393609 1
1.860072 5.426097 -1
18.178068 18.703120 1
13.177813 1.531069 -1
12.809548 18.211043 1
19.181378 15.605309 -1
2.798613 18.941781 -1
5.202812 15.726269 -1
1.977995 18.763631 -1
19.570692 1.961305 1
18.598827 1.276377 1
2.359611 7.249051 1
4.648263 18.704733 -1
12.577142 16.526774 1
9.944811 1.748674 1
0.401996 4.177779 1
2.698414 8.493329 1
17.795378 15.109863 1
11.685005 17.829166 1
4.629038 16.427178 -1
17.492038 5.587844 -1
4.227955 5.553634 -1
2.751622 12.057256 1
4.616138 19.966840 -1
12.569444 17.676926 -1
19.279038 13.017001 1
18.092771 3.282525 -1
13.289268 16.199182 1
2.028970 5.996693 1
5.441036 4.212931 -1
16.242664 14.129774 -1
2.661505 13.377864 -1
10.471537 17.313623 1
0.519211 7.679683 1
19.753552 14.237761 -1
10.698774 2.105846 1
18.907470 6.101609 -1
0.087917 2.220009 1
0.314446 16.510394 1
17.251031 6.017373 1
15.063760 18.581478 -1
8.626721 2.444874 -1
1.865851 14.425032 1
17.485931 13.270491 -1
6.640063 19.701299 -1
17.535859 17.690070 -1
18.667060 18.727013 -1
1.023423 11.432981 1
17.199409 9.932643 1
16.650746 3.037951 1
8.729519 0.544620 1
12.182967 1.242497 1
16.337377 2.373013 1
13.643901 17.280709 -1
17.972073 18.990848 1
3.358486 7.576025 -1
17.154636 10.861341 1
18.386697 7.302804 -1
1.848693 1.036665 1
16.617478 3.290883 1
2.514885 8.008089 1
2.849607 11.891713 -1
18.468031 0.516839 1
2.602242 8.688434 -1
18.757486 6.881437 1
0.202129 4.071632 -1
18.447622 4.056144 1
0.999444 17.282779 -1
11.957048 2.721663 1
14.109945 17.584043 1
17.055220 1.157502 1
4.412001 16.069865 1
2.260840 13.880478 1
16.939853 2.128602 -1
12.705032 16.923079 -1
15.370636 17.379779 1
6.304251 18.334778 -1
5.248710 17.986053 1
6.055887 4.127116 -1
5.929761 17.396414 -1
1.046923 10.742977 1
17.174175 1.364168 1
14.299421 1.049313 -1
6.935123 19.067997 1
14.873541 18.819538 1
5.544713 16.020875 -1
11.831128 2.328592 1
8.866885 19.514493 1
4.810250 19.830798 -1
18.145465 14.432180 1
1.677081 10.873778 -1
6.531817 1.107168 -1
0.775764 10.422366 -1
2.254163 16.831192 1
17.203067 2.275390 -1
1.575394 18.644467 1
16.936185 17.374414 1
5.861834 19.117995 1
17.208059 9.822862 -1
14.062632 17.206881 1
2.652780 6.105817 -1
19.690588 3.568779 -1
17.283646 2.702199 1
6.007794 16.084537 1
14.227123 16.173334 -1
15.152643 3.743329 1
18.143905 7.641047 -1
6.813769 16.696901 1
5.006361 17.665039 1
7.284430 2.832270 -1
0.645130 4.563888 1
17.104791 19.112762 -1
0.097079 13.471458 1
12.293312 17.291708 1
16.967127 1.431229 1
2.608270 5.409750 -1
16.050900 13.645466 -1
11.144140 1.250714 -1
0.087245 8.918179 1
1.268331 5.612555 1
5.450625 15.762681 1
17.803662 6.825765 -1
5.316659 2.125623 -1
18.464577 17.136193 -1
3.662347 4.275557 1
18.120917 11.746289 1
4.419056 19.150488 1
5.190543 19.434199 -1
9.615000 18.870922 1
18.072881 17.175109 -1
16.143685 16.231320 1
18.985663 2.134361 1
19.076520 19.817218 1
10.103253 17.105229 1
6.514493 0.133196 -1
7.851954 1.689944 1
3.826065 16.549647 -1
19.837882 19.112203 1
15.258107 19.978825 -1
5.452388 2.766712 -1
4.143945 2.829665 -1
1.432938 14.647212 1
18.586534 10.858226 1
3.820623 2.040699 1
7.705976 2.076210 -1
1.797007 3.086706 -1
12.077610 0.622269 1
12.449485 16.739693 1
8.527990 3.014985 -1
15.325982 4.068938 -1
8.375237 1.573763 1
13.911413 0.982788 1
15.720514 4.418608 1
17.804439 14.017591 -1
16.386632 17.313486 1
6.541784 19.885718 -1
18.833593 6.944809 -1
0.699603 3.691684 -1
0.144918 17.875510 -1
15.984394 5.471941 1
14.272295 17.551374 -1
19.682828 8.878772 -1
3.312669 17.379615 1
12.507356 1.254786 1
2.483417 13.212502 -1
2.413865 13.594890 1
4.506849 0.950591 1
0.857319 9.459471 -1
17.698662 16.742791 -1
16.207403 18.687082 -1
19.483369 5.065620 1
4.274125 5.168099 1
9.719178 18.083943 -1
5.157564 17.025844 -1
19.000929 14.862048 -1
0.106455 16.707635 -1
2.206898 9.544090 1
8.222800 2.737881 -1
11.243190 19.322804 -1
0.339764 17.445839 -1
4.443453 5.304825 1
1.057270 12.064002 1
15.480346 2.661164 1
5.031163 2.081500 -1
2.311354 12.345184 -1
1.991025 0.770566 -1
2.880177 1.415556 -1
1.534560 17.703352 -1
17.456090 10.854252 1
8.390326 18.694581 1
1.796893 8.800760 -1
19.950517 9.754155 1
11.964686 1.825101 -1
16.433598 17.414570 1
16.024462 2.014367 1
19.641737 5.816069 -1
10.769889 19.855576 -1
2.210240 16.405937 -1
0.705181 16.236650 1
15.400825 14.972148 1
3.150929 6.442475 -1
10.327683 1.220391 1
4.300000 1.935483 1
0.564605 0.155707 -1
16.704691 2.720655 -1
18.454236 19.986274 -1
1.326009 4.437914 1
9.716640 0.661179 -1
3.453763 19.525946 1
15.973298 18.543037 1
19.332293 17.957632 1
13.774550 3.341594 -1
7.666756 0.549645 1
19.786059 14.564437 1
19.143504 4.454693 -1
18.192049 17.104597 1
19.859606 6.686765 1
9.820635 0.136850 -1
7.090789 2.090451 -1
16.998545 18.814236 -1
14.145628 4.281844 1
16.623394 17.496886 -1
1.920431 10.383458 -1
16.817178 18.167156 -1
2.365930 4.596555 -1
17.445947 0.175909 -1
2.706722 5.420055 1
18.092502 15.956098 -1
19.296735 5.332983 1
8.012046 19.308036 -1
2.830197 12.749254 -1
17.412770 7.138757 1
0.344111 5.386677 1
19.380889 8.241389 1
0.668106 0.498652 1
11.924585 2.941708 -1
3.283835 6.689398 -1
19.484545 19.755631 1
15.048885 16.665873 1
4.855857 18.107851 -1
1.748005 7.444704 1
0.978802 10.329076 1
0.008007 12.945180 1
7.285677 18.229747 -1
17.300614 7.115758 1
14.344824 3.916389 -1
14.326450 19.024284 -1
0.249650 18.743671 1
0.576586 1.582335 1
1.077467 13.302322 1
3.788768 16.537305 -1
19.540794 3.793763 1
2.300911 4.043538 1
15.543746 4.846155 1
3.640220 1.698988 -1
9.721570 18.783296 -1
19.389076 2.038471 1
2.746127 0.054357 1
18.148427 10.666900 -1
17.687344 8.509064 1
19.698585 17.817904 -1
1.559344 3.747374 -1
1.555096 2.259822 1
1.276087 10.616813 1
17.172206 15.381055 1
1.967097 4.236229 -1
8.193591 17.661007 -1
4.444002 1.537864 -1
11.442647 1.777855 1
5.149243 2.933728 1
0.288576 5.936556 -1
1.491056 1.331980 1
2.419503 5.994423 1
2.589940 14.098821 -1
2.248398 16.290808 -1
5.802381 1.002038 -1
17.054097 10.921936 1
4.072344 17.562929 1
17.876347 1.402523 -1
0.201523 8.277524 1
1.525582 10.522935 -1
10.255594 17.118322 1
2.467290 7.250585 1
3.176445 14.297327 1
4.986035 19.254447 -1
18.635768 2.925581 1
19.269040 11.759588 1
18.083024 15.915719 -1
18.183784 3.587445 -1
5.043934 2.661919 1
17.860637 19.908381 -1
1.912433 13.518181 -1
18.521051 15.375282 -1
0.142217 10.598545 -1
17.960551 11.515568 -1
0.671897 4.536518 1
18.160789 5.356868 -1
6.003280 0.268815 -1
3.267455 5.262802 -1
2.729551 19.853812 -1
17.745019 2.093437 1
13.591468 16.213429 -1
0.090710 6.375386 1
6.330805 0.500620 1
18.528177 17.590832 1
16.794407 19.866619 1
1.301900 13.907716 -1
19.119686 16.207591 -1
1.950328 6.268397 -1
1.921909 4.545742 -1
16.141158 18.536088 1
13.104893 1.656980 -1
3.933707 18.864412 -1
0.646549 5.280319 1
7.929425 1.172580 -1
10.281370 17.532668 -1
19.989156 13.959440 -1
7.925672 0.995777 1
18.828957 15.463830 -1
12.672079 18.448487 1
11.901901 1.699831 1
14.031171 0.753830 -1
6.778963 18.514861 1
15.214741 1.184638 -1
0.379789 6.136533 -1
19.061599 6.785298 -1
5.936673 0.547593 -1
10.582321 19.862669 -1
6.510866 16.457540 1
1.201967 9.319623 -1
6.032869 19.194955 1
5.217447 0.140899 1
2.866011 1.919566 -1
14.482666 17.324562 1
3.177818 19.575403 -1
0.225077 17.246692 -1
13.235040 1.856493 -1
13.865683 2.569897 1
8.961209 19.363347 -1
18.506469 4.915469 1
19.162265 19.312342 1
19.001648 16.489974 -1
8.051341 19.253184 -1
16.536618 0.707414 -1
17.072974 1.321136 -1
14.555199 18.993617 1
0.726462 0.516544 -1
19.650823 11.206620 1
12.545092 19.166088 -1
2.275026 3.437402 1
0.256469 18.265660 1
10.945467 19.908138 -1
2.144396 4.669706 1
18.205623 17.629900 1
3.610162 17.382918 -1
18.315820 8.543990 1
19.939219 17.865061 1
3.157711 7.703729 1
0.466914 10.736530 1
10.639546 19.342450 1
11.825306 2.277633 1
4.624192 2.012881 1
12.982584 1.343601 1
10.509632 18.375666 -1
17.102375 11.130383 -1
19.241106 7.660184 -1
12.154168 0.335978 -1
13.972564 17.000927 -1
18.903193 7.778369 -1
1.163914 19.244365 -1
3.750967 15.809334 1
1.355708 7.290062 -1
17.718359 14.518297 -1
19.835502 12.179439 1
2.743434 3.043453 1
2.359352 7.305518 1
1.614404 18.477946 1
13.783177 19.038405 1
12.527209 18.554661 1
16.798142 6.222079 1
0.437178 3.655562 1
15.570414 1.480528 -1
3.614716 0.945095 -1
16.734751 5.221951 -1
3.093236 12.238814 -1
7.486039 19.063041 1
0.756413 13.190687 1
19.795028 14.305592 1
10.317389 1.941815 -1
9.634034 1.020592 -1
0.664990 12.924419 1
0.048335 12.398396 1
6.776155 17.699335 1
16.294176 0.425509 1
19.157110 3.382460 1
17.094040 4.242392 1
1.825275 15.791628 1
0.080773 19.333581 -1
12.040028 0.252399 1
0.867916 10.997889 1
3.176515 12.947162 -1
16.638856 2.274502 1
3.351943 0.978320 -1
0.309108 18.200409 1
18.498615 16.320652 1
1.977321 2.307086 1
2.453912 13.221096 1
0.889158 8.626350 -1
4.197455 3.146838 -1
14.091754 19.182167 -1
7.904904 19.131090 -1
17.718061 3.933961 1
2.130933 8.619203 1
5.234582 16.183646 -1
2.160385 7.903345 -1
17.656293 2.097535 -1
10.934357 1.691785 -1
1.737234 14.529497 -1
14.117502 15.948999 1
4.307039 16.587616 -1
12.709989 2.377582 1
1.400015 8.345876 -1
5.320151 15.364936 -1
5.775365 3.364884 1
18.322349 10.086829 1
1.709528 6.277711 1
16.167555 3.589008 -1
10.073974 18.250688 -1
16.084629 0.901324 1
16.453869 15.142198 1
11.383570 1.480398 -1
0.480212 0.706739 -1
6.937122 18.139194 -1
19.408878 10.527225 1
8.677526 1.662650 1
13.400911 1.737524 -1
0.853985 13.034092 1
14.668976 16.025014 1
17.729621 11.871211 -1
14.208977 19.037801 1
17.486208 7.036531 1
19.621317 17.997560 1
13.850619 1.239934 1
19.731853 10.337654 -1
1.833478 1.985237 1
4.672124 18.906760 1
0.910250 5.590289 -1
3.322466 13.759943 -1
12.358048 19.574263 1
8.102904 18.211531 1
0.977294 8.581453 1
18.592606 2.590170 1
5.991752 3.373284 1
12.778675 16.827719 1
18.840235 17.681441 -1
19.322049 6.338115 -1
14.276921 1.658020 -1
13.748855 2.949437 1
17.896156 16.907904 -1
12.801948 19.498586 1
18.199596 3.413706 -1
9.789066 19.423554 1
16.110219 18.680412 -1
4.113339 5.126481 1
0.220155 13.148657 -1
1.989342 15.739073 -1
4.102873 2.369088 1
0.808483 10.591184 1
4.886303 0.915232 -1
16.215277 0.050601 1
17.057473 2.512104 1
2.458335 19.978458 1
18.376379 18.221793 -1
14.074198 17.872618 1
15.039480 1.930329 1
1.377142 17.796183 -1
1.563026 18.863130 -1
17.633862 13.270645 1
2.919337 17.794741 1
16.442895 3.589976 -1
3.329718 14.447677 -1
1.975074 5.536085 1
2.228484 12.991189 -1
4.907529 5.098109 -1
19.580562 5.136718 -1
2.928611 11.607677 -1
0.069289 2.232687 -1
15.291317 0.274146 -1
19.433733 4.008197 1
3.235639 4.430838 1
6.481761 19.628898 1
4.268306 19.541637 1
2.108934 15.116764 -1
19.626960 7.723314 -1
1.004040 2.480256 1
18.173179 15.873743 -1
18.540640 13.647563 -1
17.276400 9.595804 -1
15.148230 18.996400 -1
8.590967 17.918231 -1
13.636188 18.780525 -1
19.061732 0.404846 1
2.397820 13.406327 -1
9.106327 1.248995 -1
7.382164 16.984899 -1
0.702276 12.403621 -1
4.415550 16.511489 -1
1.772560 8.012958 1
19.315817 4.161324 1
3.881422 16.929015 1
1.378584 18.172429 -1
12.032095 17.118211 -1
18.643448 7.284589 -1
8.525281 16.902716 1
2.370327 12.614225 -1
19.695608 14.333575 1
15.853668 5.525026 1
2.306355 6.192872 -1
18.199380 2.234318 -1
18.926491 15.872649 -1
19.615788 13.039553 -1
4.599778 5.396667 -1
15.429575 17.156362 -1
14.891523 15.411450 1
0.622772 1.252658 -1
0.803343 18.080366 -1
0.504474 3.563567 1
19.291340 16.702426 1
18.756628 1.995126 -1
17.217356 18.576020 1
4.397009 2.256081 -1
3.793712 16.650377 1
19.338626 7.511738 -1
13.988458 2.662016 -1
10.416196 17.010513 -1
4.623265 1.820363 1
2.337773 2.316011 1
10.490394 1.796783 1
2.642218 7.593836 -1
7.924990 19.345704 1
1.844519 8.285554 -1
17.506623 14.933770 -1
3.350925 15.692644 1
7.032715 18.333832 1
1.729121 9.085701 1
3.276513 1.290292 1
1.600902 10.662554 -1
19.251874 4.442213 1
15.487773 0.927396 1
0.569196 8.618079 -1
10.196636 18.193427 1
5.917499 1.157675 -1
18.903961 2.357163 -1
1.118024 18.411402 -1
16.857281 12.693284 -1
2.862892 3.237917 -1
0.282305 2.556007 -1
19.981471 15.568585 1
12.049810 17.679854 1
3.579592 15.878751 -1
15.131927 19.739505 1
7.614719 2.074394 1
14.938524 3.925736 -1
9.456866 0.822616 -1
16.780356 2.327355 1
2.376316 8.373446 -1
2.577414 11.566908 -1
0.115702 16.643572 -1
17.843573 17.411183 1
17.442103 12.702716 -1
0.138807 14.683849 1
18.574971 15.826259 -1
1.896807 10.339394 1
16.529373 4.131921 -1
2.459038 12.917794 -1
1.970862 9.866676 1
5.280151 18.417017 1
17.238178 14.336652 1
12.849795 1.816995 -1
5.040523 4.609292 1
1.093368 5.192129 1
15.744362 0.164255 1
8.987409 1.290519 -1
7.437278 1.361521 1
18.912679 17.445415 -1
5.550697 19.278152 1
0.516645 2.165093 1
18.792400 16.203878 -1
13.220579 2.108119 1
10.084498 18.100504 -1
3.365250 3.524007 1
1.485234 11.878946 -1
10.625317 0.239645 1
1.356712 18.400857 1
16.758615 14.835909 -1
15.014834 3.521119 -1
16.979313 17.059664 1
6.668800 1.688133 1
5.943471 15.890758 1
5.787476 16.119062 -1
1.572875 19.043847 1
1.519395 15.243451 -1
3.270100 7.795747 1
19.576725 7.727071 1
17.462240 16.309239 -1
18.965695 4.833914 1
17.783121 17.893638 -1
6.305611 3.177485 1
0.894837 3.849464 1
12.504350 17.381174 1
19.664122 6.258008 1
12.991456 19.472876 -1
11.567085 19.622658 1
10.479482 2.756853 -1
2.152387 10.192859 1
2.681658 4.040497 1
13.612588 18.761948 1
3.150815 2.814653 1
19.998398 17.795171 1
10.937102 2.482073 -1
12.619786 0.026087 1
2.772225 4.261695 1
4.440539 19.473935 1
16.858255 13.729875 1
18.943958 5.873395 -1
19.789133 16.126490 -1
4.457619 16.753519 -1
0.011750 2.465638 -1
16.457786 13.381897 -1
19.970715 3.586730 -1
1.807680 19.755015 -1
17.559667 12.898677 1
18.245407 10.444718 1
17.864455 8.269217 1
3.558828 19.752866 1
17.550949 12.881324 1
2.725002 4.585084 1
3.015244 19.301387 -1
2.567827 2.430303 -1
16.687693 12.207863 1
7.186994 1.580847 -1
3.170230 3.610953 -1
6.283301 1.894059 1
16.407632 15.867244 -1
12.647174 3.220105 1
11.214170 16.919934 1
6.801212 1.955333 1
2.472877 9.149340 1
18.230212 17.004575 1
17.487843 1.326764 1
19.834910 16.825235 -1
4.569879 3.435368 1
15.148426 1.532319 -1
3.334440 1.470971 -1
18.781734 10.981288 1
18.802229 0.640713 1
1.819531 17.012981 1
7.727176 3.059474 -1
4.138977 3.020561 -1
3.256004 12.788950 1
5.761638 2.676274 -1
16.545074 19.377818 -1
2.855791 17.291235 1
4.635630 5.120687 1
17.942182 6.804888 -1
2.291652 6.549565 1
2.048327 8.546712 1
1.688271 2.070245 -1
19.098535 9.481228 -1
12.440287 18.424712 1
5.496944 18.285614 1
16.272967 15.716750 1
15.308127 17.247463 -1
7.402366 1.089585 1
0.627053 13.104357 -1
18.213156 3.166945 1
4.904116 0.336104 -1
5.160293 15.426233 1
0.878940 2.112972 1
11.840403 0.285139 -1
18.739662 18.100912 -1
9.138128 17.064290 -1
6.862566 17.369574 -1
18.996221 11.692089 -1
8.122969 2.256292 -1
16.969527 15.819035 -1
18.257469 18.186929 1
14.775845 3.681148 1
17.581761 7.224572 1
0.956697 15.925359 1
16.523867 15.592549 -1
19.498686 10.770535 1
0.614702 13.365419 -1
7.053783 18.906161 -1
8.574276 0.872217 1
4.413072 2.062947 1
13.276406 2.020252 -1
2.085015 8.491012 1
2.757974 8.823560 -1
12.426645 18.348430 1
2.599043 13.710892 -1
4.096766 13.931843 -1
6.756017 3.172376 -1
1.256812 11.072221 1
6.322152 0.086469 -1
4.109142 15.053777 1
18.290472 12.497366 -1
15.060304 5.086376 -1
12.103936 17.678991 -1
1.822130 13.894529 1
19.717557 4.912044 -1
18.468469 18.540625 1
3.342819 4.816595 -1
7.738358 0.177518 -1
4.192971 19.613675 -1
19.513598 9.644171 1
4.296208 0.393534 1
17.693900 11.169092 1
3.808104 13.396175 1
19.366824 12.158519 1
2.774659 4.873548 1
6.955086 16.378514 -1
14.923570 1.241210 1
18.207943 13.731862 -1
19.579710 10.592637 1
3.457508 2.427091 1
0.085575 1.377070 -1
2.312794 19.250426 1
2.254213 12.719383 -1
17.934332 11.270846 -1
0.775689 3.027402 -1
3.465338 18.945377 -1
17.046790 8.763172 -1
16.953366 17.108199 -1
15.848814 16.215083 1
18.458267 2.944808 -1
1.065832 16.644723 -1
13.217644 2.093305 -1
12.831127 16.711307 1
19.825116 7.804527 1
2.722029 2.044717 -1
13.590265 1.635210 1
10.524887 1.072058 1
3.031534 13.489765 -1
2.534127 16.100683 1
3.307734 15.732582 1
4.540023 15.088999 -1
1.973385 0.362517 1
15.909935 4.632290 -1
10.798918 17.996349 1
4.458413 14.829733 -1
14.820622 1.648786 1
17.594999 3.567146 -1
15.480100 16.274135 -1
16.225660 3.018608 -1
1.485925 1.685232 -1
19.216187 10.734672 -1
0.101747 2.873701 -1
0.970854 16.335153 -1
18.242700 17.409255 1
16.587734 2.899123 -1
9.012575 2.150318 -1
18.679877 10.396557 1
14.372032 0.654587 -1
13.518585 17.127683 -1
18.477733 17.331452 -1
18.840887 10.474849 -1
13.527906 18.020992 -1
0.488810 10.096692 1
18.880730 1.141436 -1
17.842754 4.394709 -1
16.862790 3.643493 1
1.823919 13.147999 1
18.396856 12.938664 -1
8.640802 1.386000 -1
1.550895 17.278246 -1
6.104833 2.886712 1
14.837989 3.374629 -1
0.682140 8.628854 1
4.250132 16.843967 -1
2.653618 8.017615 -1
6.428734 0.076978 1
4.096287 17.642433 1
1.419552 3.227865 1
5.714760 16.850497 1
7.639686 0.570359 -1
19.537567 10.701325 -1
17.391012 2.755703 -1
17.297729 13.573293 1
10.770814 0.753274 1
2.272882 3.521193 -1
10.050963 0.144499 1
1.350419 1.424677 1
11.468582 2.022237 -1
5.015952 1.733805 1
0.986177 18.068270 -1
2.784636 2.122439 1
17.268210 5.762789 1
0.179012 5.263778 1
13.830402 2.080309 1
5.710164 3.649296 1
16.592531 13.836571 -1
14.489716 2.267609 1
17.043239 1.846857 -1
10.296564 18.930274 -1
0.457152 1.404728 1
7.028604 17.003816 1
19.390904 6.835779 -1
2.629252 16.615866 -1
12.848268 17.276835 1
10.117654 2.214346 -1
19.469425 9.945230 -1
18.636662 7.098044 -1
10.119323 1.293105 -1
18.829494 13.293091 -1
15.347111 15.357103 -1
2.708445 5.348756 -1
18.938154 1.983592 -1
1.623837 19.123015 -1
0.321511 17.833871 -1
18.429863 1.923127 -1
2.273855 11.608124 1
12.370602 19.071260 -1
5.094714 17.830857 -1
0.581482 2.786537 -1
2.996500 8.387916 -1
0.578470 10.235831 1
2.754753 13.901139 -1
6.621459 0.023650 1
5.483312 18.157422 1
10.021149 17.244921 -1
4.978711 3.153735 -1
1.519722 14.208388 -1
5.007549 1.124609 1
15.867383 4.967902 1
2.773521 19.828126 1
1.020577 15.534733 -1
14.433157 1.990576 1
18.588916 4.470563 -1
6.047369 16.713238 1
17.748443 14.272139 1
13.533773 17.083713 -1
8.654877 16.883244 1
0.043719 17.736638 -1
4.620107 16.339179 1
10.684576 19.318523 1
1.501715 3.537451 -1
1.770828 8.876944 1
15.912031 15.681967 1
18.507482 12.169641 1
1.491772 18.880365 -1
2.938260 4.974077 -1
9.908097 17.391669 1
0.808359 15.629446 1
7.515939 0.152504 -1
3.494819 6.360725 1
12.545521 2.113760 1
8.341148 1.187272 1
7.859433 2.452882 -1
14.824699 16.725081 -1
2.545200 3.152812 -1
8.053061 18.573620 1
12.035615 1.701495 -1
18.890766 16.342063 1
2.812180 17.799824 -1
17.947371 16.452418 1
15.430345 16.303825 -1
7.414159 2.921633 1
2.463540 19.988001 1
2.432851 3.885795 1
19.830493 4.925069 -1
14.117967 2.891347 -1
6.703712 0.144607 1
18.675150 1.388777 -1
13.019022 1.576287 -1
11.768719 17.146029 -1
15.870167 2.058803 1
3.436458 16.630196 1
2.490528 14.855915 -1
18.614645 7.803007 1
17.132784 5.161006 1
17.418992 9.636942 -1
8.091796 2.740463 -1
19.757703 6.532847 -1
0.373411 10.170718 1
0.113146 13.120492 1
15.748500 4.457283 -1
15.617946 5.405268 -1
18.011607 10.523244 1
9.010943 17.834394 -1
0.617946 4.435708 1
16.951348 2.883036 -1
8.328159 0.870735 1
2.877221 9.258784 1
0.115424 17.312258 1
4.418481 14.245411 -1
19.856509 17.831265 -1
2.329835 3.409054 -1
10.218639 17.552852 1
4.519112 4.937921 -1
18.970880 0.749770 -1
2.660647 0.821165 1
0.191278 7.574379 -1
4.186934 15.737664 1
17.550919 1.690540 1
18.194268 8.423065 1
0.487710 18.105635 1
7.308709 17.198052 -1
14.593362 19.523284 -1
3.393577 6.903636 1
13.735702 0.906144 1
3.115010 8.260306 1
19.480683 5.096269 1
1.475254 19.774264 1
14.518117 16.115984 1
18.659033 0.546911 1
4.914802 16.413156 1
5.923647 17.773012 1
12.871912 16.881328 -1
0.142217 2.344692 1
0.486603 2.085477 -1
0.329047 0.375964 -1
5.979689 1.653908 -1
16.666996 13.312839 -1
0.753819 13.311017 1
19.160704 18.585885 -1
5.649389 18.585342 -1
17.731794 11.705239 -1
0.816975 0.437881 -1
4.665470 3.423998 1
19.438791 14.549139 1
0.744327 0.402677 1
2.503150 12.160624 -1
3.003718 0.344559 -1
4.928149 4.717148 -1
12.345529 1.339051 1
13.268451 3.016107 -1
2.976909 10.887541 -1
15.204936 2.302929 -1
1.102456 0.478352 1
17.450917 17.358916 1
3.636564 4.533100 -1
3.638032 5.270771 1
8.977166 0.020587 -1
19.825836 18.829299 1
2.244619 10.912953 1
3.313128 17.869185 1
14.448194 3.326208 1
15.232635 19.845636 1
14.728810 18.868393 1
18.916618 19.932682 -1
18.281082 13.101697 1
16.307308 4.851130 1
7.052316 2.194060 -1
7.151347 2.120563 1
12.916338 18.132740 -1
0.883961 3.359780 1
8.600300 0.602705 -1
18.163766 8.432175 1
0.360392 16.222745 -1
16.840624 1.790925 1
10.933591 17.032346 -1
14.040534 2.729481 -1
2.313418 16.955276 -1
12.588165 16.669052 -1
8.558724 2.717916 -1
15.078041 19.073563 -1
2.498309 16.524524 -1
5.246321 0.111537 1
17.734899 9.695607 -1
16.487311 13.725543 1
5.368043 3.800358 -1
0.583020 1.854652 1
19.623484 18.005306 1
18.844223 12.827133 1
16.674088 7.693212 1
2.961383 8.922620 -1
4.114096 16.555658 1
5.482235 4.174523 -1
1.026461 12.943268 -1
14.446964 0.985366 -1
19.684245 13.316732 1
17.028075 4.134479 1
2.044606 5.495232 -1
19.424779 12.434764 1
13.602427 0.182319 -1
19.524007 19.526104 -1
4.204387 4.564218 1
3.579402 4.455550 -1
9.156935 19.826496 -1
3.299228 2.421155 -1
12.968971 17.447250 -1
1.988731 0.745956 -1
4.697578 18.990647 1
14.249073 4.246323 -1
4.083880 0.027950 -1
7.662257 19.527764 1
6.223212 17.848863 -1
19.159860 10.216300 1
15.940852 18.857701 -1
1.167311 1.753992 -1
1.970129 19.672229 1
0.308352 4.067224 1
19.099023 18.127272 1
4.285516 1.700345 1
19.376654 5.945522 -1
17.416582 19.234731 1
1.349634 3.710241 -1
16.923951 8.151064 1
7.614610 2.597903 1
18.288652 16.852711 -1
15.041722 19.052607 -1
2.449709 11.162382 1
9.195206 19.116153 1
2.043690 14.539577 1
13.264438 18.070005 1
2.976868 2.202633 1
17.171494 4.498359 1
19.873026 6.151752 -1
14.512061 18.352131 1
17.158301 3.279034 -1
0.406726 14.506037 1
5.076361 0.021779 -1
19.960354 17.722877 1
5.265176 17.799906 -1
6.493160 17.410468 -1
17.777994 7.137235 1
18.465870 12.645348 -1
19.126500 18.178456 1
19.652210 6.520005 1
0.476328 15.614798 -1
0.305641 3.906214 -1
3.306896 16.029735 1
0.370713 18.044373 -1
13.495784 3.487609 -1
0.355634 2.333701 -1
2.822492 16.199175 -1
1.930610 15.546483 1
12.345807 17.800354 1
1.305856 16.677172 1
12.914497 17.134990 1
1.005846 19.224589 1
5.188922 3.069503 -1
17.305682 15.255203 -1
10.319764 17.654744 1
19.704349 5.957516 -1
1.333438 6.087608 1
16.448930 13.443282 1
16.632093 13.783585 1
12.326933 1.719908 1
8.366154 0.262449 -1
0.449474 16.380177 -1
5.388030 15.960963 -1
1.341525 18.120717 1
15.476318 2.055232 -1
14.257747 18.067312 -1
18.602873 2.391749 1
15.095819 5.097782 -1
19.820425 11.690351 1
3.578308 17.519340 1
16.545122 5.458190 1
15.750107 19.145453 -1
17.448946 3.862372 -1
0.747310 0.453791 -1
18.676021 3.644128 -1
19.202082 1.218455 1
13.049549 19.645878 1
9.285216 16.986330 1
18.113425 19.276381 -1
18.707805 14.340885 1
12.427410 18.379075 -1
2.344776 9.525863 -1
0.556644 1.361813 1
3.313566 18.455176 1
4.831246 2.111872 -1
15.014139 0.998802 -1
5.578332 1.625151 1
2.962483 1.180783 1
1.926500 7.981573 -1
3.387153 5.692542 -1
12.422765 18.706149 -1
2.774017 7.519117 1
16.869102 13.595402 -1
16.323647 2.807298 1
19.623294 0.939239 1
3.191676 1.681200 -1
0.385160 6.376018 -1
4.836485 3.893224 1
1.144940 15.356524 1
0.468316 9.724048 1
9.385028 18.674776 1
13.469361 3.906812 -1
6.501108 19.158674 1
6.201125 2.191788 -1
9.749868 18.348430 -1
2.999995 5.263892 1
5.612163 18.111164 -1
3.823055 2.215580 1
12.111282 19.316688 1
2.288481 13.609171 -1
19.559090 9.197473 1
19.288808 8.662883 1
11.585524 17.352438 -1
16.547118 16.853923 1
10.006768 19.798535 1
1.124537 19.618451 -1
7.555120 0.554520 -1
14.146586 3.203829 1
