17.557721 11.292501 1
11.212231 2.125119 1
10.458762 16.089612 -1
5.604220 8.113161 -1
13.183085 9.641738 -1
15.947491 5.761442 1
8.875548 0.375497 1
13.767732 10.188598 -1
17.998662 9.327170 1
6.383634 7.964323 -1
13.354093 14.113574 -1
10.715779 10.452845 -1
9.198265 4.245815 -1
10.606017 15.515138 -1
8.662748 9.118950 -1
6.841418 19.120398 1
11.156384 8.632383 -1
3.724025 13.038365 -1
16.324012 12.205374 -1
9.173284 17.490715 1
18.325762 1.082565 1
13.066821 4.162454 -1
8.892313 15.662041 -1
10.833314 8.100661 -1
7.903826 15.561661 -1
7.877957 15.923270 -1
9.576000 5.562422 -1
6.697890 5.578697 -1
7.952788 11.367819 -1
3.909864 10.093658 -1
18.656883 6.451078 1
10.584718 13.798757 -1
8.454896 12.766058 -1
12.816478 12.821393 -1
4.237242 17.829363 1
5.795023 2.311315 1
5.371892 11.518596 -1
15.038740 13.035701 -1
10.069620 13.680863 -1
8.340982 8.635868 -1
9.741765 5.097570 -1
6.688855 6.005764 -1
7.469074 5.931558 -1
10.773149 17.253321 1
18.095393 16.926266 1
17.605346 0.226221 1
18.072038 15.375370 1
3.029244 1.803708 1
4.442969 3.351320 1
6.649499 6.305988 -1
12.030388 7.551219 -1
10.969494 8.231437 -1
5.477833 12.032491 -1
0.783358 0.866285 1
6.762993 6.997650 -1
5.934671 18.322180 1
18.087096 12.316438 1
1.555855 14.163110 1
12.100320 4.998877 -1
4.507687 8.935997 -1
2.424023 18.805640 1
6.669358 17.707043 1
2.617648 8.221951 1
13.180564 8.779339 -1
14.413250 11.711644 -1
18.025520 2.282252 1
1.371697 8.986982 1
12.443718 4.029781 -1
15.114544 12.934651 -1
14.405134 11.993887 -1
9.543951 19.849073 1
18.559792 16.041699 1
12.450191 8.901165 -1
18.807473 18.388545 1
4.151039 19.841864 1
14.889498 9.289750 -1
1.419371 10.473236 1
16.810376 6.850391 1
16.778287 2.897836 1
16.530789 14.884110 1
11.307278 9.079653 -1
8.181123 16.390067 -1
14.791379 7.048387 -1
19.724616 5.389949 1
9.056155 17.154159 1
0.781275 10.290687 1
17.887601 11.573368 1
1.351044 7.969033 1
9.129818 5.717499 -1
9.243016 13.982511 -1
17.929615 15.959267 1
15.918136 15.858290 1
3.708258 4.321083 1
4.979114 6.659195 -1
15.272181 18.854078 1
11.884588 3.158853 1
10.658861 9.765788 -1
3.686922 14.261296 1
18.386181 0.251159 1
13.927429 8.446671 -1
16.806623 5.425979 1
1.518377 1.192267 1
0.636752 10.703804 1
5.642699 12.425436 -1
13.755232 9.070424 -1
11.670688 13.904930 -1
9.988836 16.012606 -1
14.412315 3.907573 1
10.256461 6.576625 -1
11.898373 16.675692 -1
6.492847 0.600827 1
8.179721 5.614947 -1
19.315415 18.041724 1
13.893604 15.487043 -1
10.021477 1.820923 1
6.463039 6.090226 -1
10.324875 4.175208 -1
6.732734 18.200134 1
9.159439 17.692133 1
13.811109 11.335037 -1
10.990697 12.670189 -1
7.146879 4.760691 -1
16.686310 13.860695 1
2.760946 18.250830 1
0.025613 0.935462 1
10.686058 9.356731 -1
12.967500 5.756146 -1
7.123644 19.245784 1
13.760516 15.870555 -1
9.208991 14.078066 -1
14.545002 12.791727 -1
11.580002 8.724335 -1
7.746349 11.079077 -1
4.231672 0.846839 1
0.786528 3.169839 1
4.356343 5.823454 1
11.006084 0.096562 1
4.103457 17.252492 1
7.991577 14.597555 -1
16.440915 11.022099 -1
5.589264 1.181080 1
3.524297 3.121807 1
12.199071 15.880815 -1
12.428622 12.334189 -1
16.071332 17.285276 1
15.560214 13.596666 -1
11.792690 13.670317 -1
12.614480 6.282748 -1
11.924852 15.262605 -1
2.147043 9.946537 1
10.164123 19.632750 1
15.316822 10.001826 -1
19.752375 0.241048 1
15.604382 6.447666 -1
13.061497 11.481446 -1
5.662089 10.648879 -1
10.230125 8.314857 -1
18.714848 14.535205 1
11.544145 15.555508 -1
18.098070 13.204622 1
13.542730 7.076903 -1
16.287489 12.471080 -1
12.656475 15.566770 -1
15.465045 14.542498 1
13.353388 11.069180 -1
16.174964 1.782153 1
8.459620 8.054067 -1
14.939559 19.546563 1
16.835453 10.302492 -1
4.863207 13.943287 -1
8.522545 19.335163 1
15.023991 4.116265 1
3.583880 4.100723 1
17.329956 16.742662 1
10.527906 11.614885 -1
15.427319 10.627220 -1
15.521790 18.593543 1
4.440309 15.988479 1
11.100480 13.482355 -1
5.082562 14.029823 -1
7.292684 6.175151 -1
10.269742 1.107446 1
1.938188 5.553797 1
0.303798 6.452324 1
11.675998 16.942508 1
11.403044 14.068796 -1
11.325895 15.106504 -1
18.002028 5.475354 1
15.208885 9.057690 -1
7.015054 13.851381 -1
6.529216 9.599083 -1
17.093810 16.875489 1
19.829181 6.222315 1
0.669021 3.476783 1
5.689171 5.915633 -1
8.822482 3.783305 -1
13.621131 3.629902 1
14.044087 14.364569 -1
3.199649 10.806595 -1
7.906727 17.885317 1
6.410283 15.083216 -1
1.179377 7.468917 1
12.520981 5.353424 -1
13.579845 14.558969 -1
8.728256 10.026854 -1
12.182339 18.411547 1
9.331815 6.026906 -1
6.733145 2.477664 1
5.891607 19.981708 1
1.052299 14.373267 1
2.163228 13.594893 1
11.355697 3.652065 -1
6.795298 10.981370 -1
6.466560 15.388072 -1
19.266096 10.548537 1
0.458368 4.273520 1
15.215614 19.806501 1
5.708294 6.774873 -1
5.565070 3.204959 1
1.040809 16.955261 1
8.309900 10.862861 -1
5.848296 13.920138 -1
8.268895 6.824258 -1
8.775392 6.065128 -1
8.948639 6.500220 -1
0.130212 13.147664 1
9.083946 9.377690 -1
1.374095 7.689423 1
9.531664 14.927542 -1
14.692745 14.501126 -1
16.754549 6.569894 1
9.053007 14.729175 -1
0.433872 12.614419 1
3.307878 15.722228 1
4.672847 5.888969 -1
12.986070 11.467568 -1
9.411795 9.802363 -1
5.900841 6.226667 -1
17.147196 15.238824 1
10.045629 8.930186 -1
11.346123 11.663327 -1
6.605002 9.244064 -1
6.737613 13.403022 -1
0.358738 11.519823 1
18.478544 14.740349 1
19.523422 6.618109 1
10.462713 11.571636 -1
13.276214 2.552520 1
10.854095 4.675703 -1
11.386386 10.729589 -1
4.982491 5.331602 -1
0.004271 11.359654 1
2.618313 15.257358 1
17.219055 12.983924 1
14.657808 16.991393 1
18.656435 2.765882 1
11.311926 8.926624 -1
3.865962 7.346094 -1
0.165553 6.567264 1
0.966416 7.534278 1
9.049074 3.789650 -1
3.500695 18.949408 1
10.455559 11.504631 -1
8.300194 13.002505 -1
9.026241 7.920228 -1
6.090389 3.848029 1
8.608598 4.321207 -1
17.897850 15.845381 1
14.628138 19.782685 1
10.597527 18.630953 1
1.704703 5.030211 1
12.299134 13.844546 -1
5.573658 19.017401 1
15.599318 18.389067 1
3.537416 18.696918 1
16.817302 5.177140 1
6.403319 18.187666 1
14.780773 17.439902 1
14.628033 15.120533 -1
7.886433 18.027925 1
7.527617 15.039009 -1
15.614008 12.404242 -1
16.257528 9.569003 -1
18.415093 9.705975 1
5.852116 11.411555 -1
9.766963 6.896920 -1
8.509922 5.708128 -1
12.616233 10.813702 -1
12.033287 8.060074 -1
11.336092 18.526498 1
2.063963 11.470461 1
17.278968 4.318073 1
17.300018 9.547129 1
17.824413 6.075403 1
3.884925 19.826734 1
10.213120 16.883231 -1
14.885420 3.178774 1
19.493731 1.395921 1
11.443665 12.585634 -1
19.666406 13.930971 1
18.000518 14.490334 1
3.200510 11.166156 -1
2.868404 16.647894 1
1.553088 4.150503 1
15.140537 7.559424 -1
13.733282 6.051381 -1
7.035853 7.712993 -1
10.645137 14.068251 -1
1.400429 5.672196 1
8.157619 6.540285 -1
11.041489 6.295035 -1
19.929108 7.142479 1
10.953233 7.771284 -1
17.661043 1.638449 1
15.496626 8.847693 -1
18.255477 17.023623 1
10.287274 13.037205 -1
7.443014 4.587745 -1
11.954183 15.555301 -1
1.941217 3.609540 1
19.860930 2.803443 1
12.498029 14.399576 -1
7.093143 9.844234 -1
5.011401 5.686953 -1
15.243855 4.126222 1
18.593941 5.623121 1
7.096536 10.834296 -1
4.382412 8.893759 -1
15.306721 8.181813 -1
11.257393 11.537335 -1
14.399921 14.177583 -1
13.518353 14.793877 -1
5.614538 13.033685 -1
12.727714 18.002913 1
7.780484 9.406259 -1
0.098462 3.912879 1
11.677201 16.431640 -1
7.991459 16.005053 -1
18.848518 0.553197 1
5.802759 3.045195 1
5.341495 5.119769 -1
5.231298 10.997640 -1
7.061748 5.546461 -1
10.387317 4.949665 -1
14.101312 8.294062 -1
14.847097 12.751045 -1
14.355639 9.552886 -1
0.996795 10.626326 1
7.270408 2.953858 1
14.098418 6.988034 -1
7.821134 14.607013 -1
0.987783 6.171494 1
16.743850 0.929002 1
12.033375 5.880786 -1
15.195212 3.174974 1
3.232414 13.873124 1
8.713846 15.999846 -1
9.089011 9.447319 -1
7.757528 19.047654 1
15.569606 5.494395 1
9.047713 6.596136 -1
2.961930 1.971097 1
17.878494 19.034482 1
17.839467 15.729730 1
6.421203 16.467213 1
1.081606 3.218380 1
3.087588 14.454395 1
4.814661 6.716340 -1
15.033603 8.189305 -1
19.096776 5.438861 1
15.911988 0.798250 1
6.338263 12.482232 -1
10.557479 3.187534 -1
10.406119 10.092906 -1
5.949680 2.326715 1
9.966657 7.828696 -1
6.596820 6.954901 -1
19.725433 8.580610 1
16.809798 3.279150 1
11.852334 1.969569 1
13.778975 10.170921 -1
2.040226 16.344310 1
0.479253 5.504384 1
9.880657 15.055175 -1
3.205753 7.380034 1
1.018264 19.236422 1
12.928472 19.543140 1
4.918513 7.250915 -1
14.399415 19.288395 1
9.322836 12.492227 -1
2.489372 9.382819 1
11.082933 7.973766 -1
13.066631 11.973271 -1
2.922176 6.202157 1
3.366250 18.029299 1
2.382780 11.838806 1
15.607496 14.562045 1
14.043378 12.570896 -1
13.975262 9.015144 -1
18.949416 0.796530 1
7.476205 7.916559 -1
9.971086 13.915484 -1
5.193854 8.834265 -1
13.300567 3.090982 1
11.440812 14.053308 -1
3.839776 10.969288 -1
11.227188 11.861152 -1
15.164157 9.391223 -1
11.114702 17.885129 1
5.460841 8.393575 -1
17.569272 18.069546 1
11.923780 14.218469 -1
15.622628 8.307890 -1
12.926479 19.988235 1
6.239919 0.998372 1
11.961336 19.373640 1
2.075722 3.319783 1
8.689778 12.145759 -1
0.319769 2.928570 1
17.262173 8.514442 1
7.868380 17.613855 1
8.989232 13.475467 -1
15.897621 7.964873 -1
19.304652 5.562071 1
19.410211 1.539615 1
16.131732 4.274616 1
5.414802 4.729568 -1
8.378977 6.366729 -1
4.679224 16.930027 1
5.843122 5.633340 -1
0.706347 6.458806 1
10.567880 13.814732 -1
7.874010 17.569714 1
7.090433 2.487799 1
17.768745 8.535176 1
16.209443 13.903659 1
0.538383 5.942252 1
11.827791 8.874995 -1
6.970394 14.112412 -1
2.625493 7.211497 1
10.104698 19.595579 1
5.124476 16.464245 1
7.192504 1.948783 1
13.908190 13.035522 -1
13.056729 2.916378 1
13.173955 2.774126 1
17.500299 5.542996 1
8.128065 5.376239 -1
13.316939 1.305147 1
18.301242 17.954837 1
8.763792 16.567603 -1
13.403698 14.036166 -1
7.285705 4.515514 -1
8.598333 14.449443 -1
11.792969 12.967587 -1
8.905860 0.564453 1
2.444027 16.715441 1
11.858974 15.910574 -1
9.288876 14.722811 -1
5.080861 11.155977 -1
15.409407 13.082177 -1
2.161656 12.320122 1
2.454706 14.203071 1
9.951199 7.003704 -1
10.539269 9.210428 -1
3.374065 15.252894 1
8.191566 0.303256 1
14.351238 4.323180 1
9.716176 16.150327 -1
4.936099 17.631997 1
6.433466 18.372509 1
15.553071 1.830770 1
15.958291 4.480594 1
19.217762 2.557729 1
9.144551 10.835146 -1
15.841839 0.756703 1
3.407192 15.402700 1
19.105254 8.246740 1
6.345841 18.377318 1
1.980073 2.848902 1
1.484442 8.358347 1
11.868449 7.780647 -1
12.594566 2.039392 1
19.126995 10.469375 1
11.300504 5.124407 -1
0.610762 16.488075 1
19.163164 9.756223 1
5.649414 19.294585 1
2.815582 18.231883 1
3.743359 19.449551 1
1.037455 4.352197 1
8.813969 15.058285 -1
0.666951 4.951811 1
10.818954 15.050911 -1
14.836794 11.055621 -1
9.691248 2.986226 1
12.285919 18.110435 1
16.446195 16.504342 1
13.098278 18.312850 1
5.792508 18.286187 1
