7.000851 2.441081 1
8.952113 9.507390 -1
5.146552 2.354994 1
14.193016 18.954914 1
5.608313 8.713076 -1
9.455272 14.739914 -1
19.891404 11.224845 1
16.930820 6.957427 1
5.980338 9.562567 -1
13.053280 4.213578 -1
1.520263 13.947925 1
9.922095 12.901415 -1
6.008799 16.274717 1
13.781126 16.343025 1
17.623593 6.492225 1
1.561895 6.915145 1
9.443981 2.988423 1
19.070990 19.011615 1
3.062607 5.009159 1
1.280441 10.941027 1
16.902550 10.762993 -1
6.426734 17.463324 1
5.009209 7.061565 -1
12.253691 5.992920 -1
10.671624 11.733785 -1
13.740176 12.215785 -1
16.401359 12.056393 -1
14.648602 19.138839 1
13.952236 8.937571 -1
14.717801 12.608439 -1
11.986793 15.206790 -1
8.050618 10.160732 -1
17.184388 18.306321 1
18.354843 14.228644 1
6.280666 8.708428 -1
14.574747 1.838753 1
8.167417 2.220163 1
8.567231 6.814349 -1
8.305225 7.733585 -1
16.803774 18.077272 1
12.029170 13.977809 -1
6.483809 6.904619 -1
19.970412 19.862473 1
0.490938 10.556373 1
3.542639 15.425893 1
10.330128 13.202366 -1
3.635408 11.198834 -1
9.160599 5.844451 -1
12.525833 7.247180 -1
1.727866 11.341897 1
11.777222 6.965158 -1
0.388034 8.687190 1
16.656238 5.981553 1
10.142515 1.826767 1
10.028370 12.309573 -1
9.677281 1.021645 1
17.219991 15.694956 1
18.548075 4.635350 1
19.285676 11.096863 1
13.350298 17.387294 1
0.850323 14.306619 1
3.711328 12.530691 -1
14.644444 10.517350 -1
10.191114 6.515940 -1
6.676068 0.444290 1
11.272886 9.347712 -1
7.927125 8.405983 -1
1.987280 9.334008 1
6.981568 18.548313 1
4.639013 14.452643 -1
12.001938 15.602232 -1
8.653306 8.742363 -1
5.504776 6.353080 -1
4.745425 19.536355 1
5.277316 5.991152 -1
4.451870 6.386108 -1
13.265494 7.089294 -1
6.318304 15.641708 -1
13.050695 9.942691 -1
3.125982 9.125642 -1
18.245747 15.797669 1
16.701905 15.480859 1
7.726465 9.135202 -1
7.241658 0.081383 1
0.245268 7.457560 1
1.797414 3.768879 1
12.603068 2.051426 1
0.871166 14.867585 1
11.032907 9.837747 -1
16.447767 11.780617 -1
1.241997 13.242011 1
8.546420 4.567374 -1
5.681268 14.885606 -1
17.256963 14.988428 1
13.386070 11.310533 -1
13.722507 1.991521 1
9.888875 12.597787 -1
11.341530 12.678343 -1
14.337839 10.953092 -1
12.414940 9.551892 -1
3.690114 13.226182 1
13.083719 15.383631 -1
4.786668 10.797044 -1
14.475113 9.974020 -1
14.649574 12.439144 -1
11.844961 17.925070 1
11.311020 4.253122 -1
11.328248 9.343184 -1
5.160108 9.832393 -1
7.696522 16.827866 1
13.161972 0.194709 1
4.566469 3.456606 1
6.029155 14.934443 -1
14.522756 7.783369 -1
13.991685 15.164545 -1
17.119031 0.650473 1
2.737768 5.998186 1
2.562101 10.727018 1
17.958116 7.756618 1
9.581200 6.781639 -1
5.281903 9.461218 -1
19.318936 10.930955 1
0.660008 6.135710 1
6.902886 2.122184 1
7.519378 4.138605 -1
15.676397 19.039182 1
10.433702 4.499573 -1
17.505917 17.837822 1
14.887864 1.080788 1
11.854453 13.428485 -1
7.435898 4.002498 -1
18.770855 12.259090 1
7.195248 5.894041 -1
3.552930 8.159952 -1
13.866766 13.168862 -1
15.086505 16.655256 1
0.910202 7.216898 1
0.937853 17.117318 1
10.144290 19.098498 1
13.456140 8.982514 -1
16.359195 5.556480 1
10.623046 10.439818 -1
10.841345 1.132651 1
5.263460 5.877265 -1
5.206684 5.616450 -1
15.619645 10.613470 -1
12.507522 5.177797 -1
1.637840 4.999645 1
8.152061 9.030866 -1
13.445455 10.177826 -1
4.998744 0.091664 1
0.209214 0.540360 1
6.740245 3.182892 1
1.245106 16.374054 1
14.758632 12.943650 -1
13.871656 14.152946 -1
5.205802 16.830807 1
0.194517 16.326471 1
14.354794 10.880036 -1
1.021029 15.192692 1
3.079528 15.973798 1
8.680834 17.657989 1
6.205850 6.783856 -1
3.595020 11.612016 -1
6.531929 6.372184 -1
16.306267 3.194663 1
12.500398 5.800418 -1
7.085731 10.230907 -1
17.664380 8.032698 1
12.340922 12.807764 -1
15.059252 16.570038 1
15.727856 9.702357 -1
4.063709 3.945688 1
14.792878 7.203565 -1
16.792997 11.682479 -1
4.431670 4.916350 1
9.705411 7.272964 -1
18.556580 8.685310 1
8.946985 16.946886 1
16.189374 9.327162 -1
19.665858 15.198771 1
10.173960 16.049220 -1
17.494994 1.681277 1
5.183829 12.982993 -1
14.682109 16.351604 1
11.988295 8.858289 -1
14.414397 6.404985 -1
4.465788 10.381241 -1
18.865592 17.510174 1
7.434830 18.240321 1
5.764230 2.822695 1
10.368979 12.802288 -1
1.717127 5.350734 1
8.974562 19.491630 1
17.649793 19.930806 1
7.257700 4.509687 -1
2.702022 12.284315 1
6.301491 15.700221 -1
13.595918 7.515023 -1
2.004068 19.620680 1
16.193780 12.632385 -1
18.722657 2.803795 1
8.358326 16.749977 -1
12.661125 15.250783 -1
1.360181 19.378598 1
15.467456 9.122131 -1
9.080373 13.323260 -1
7.337097 18.415534 1
16.978539 19.997005 1
2.101937 5.132311 1
12.679349 6.155005 -1
18.639866 0.725097 1
4.902781 7.013199 -1
10.141958 1.254245 1
3.620319 11.203133 -1
11.429872 9.402972 -1
15.434719 9.314122 -1
15.093213 5.573941 -1
7.309143 18.035456 1
8.792973 8.491736 -1
1.659983 9.220404 1
15.881083 5.349804 1
4.353009 11.346789 -1
2.595837 14.571184 1
10.961957 7.393313 -1
7.814794 10.428091 -1
10.641709 6.652194 -1
11.978047 6.665756 -1
4.548136 13.458316 -1
10.455581 9.088632 -1
5.601087 6.677747 -1
12.433440 16.522953 -1
14.044595 13.932873 -1
1.648657 1.284349 1
8.741029 13.087507 -1
13.667632 12.942806 -1
19.900926 16.881293 1
4.467736 12.510756 -1
11.612973 18.102449 1
2.142330 9.540621 1
18.598009 17.972550 1
6.795658 14.368914 -1
10.833843 10.175317 -1
12.974819 11.487839 -1
8.942632 5.077316 -1
9.670453 13.931304 -1
0.824758 0.555184 1
13.292113 18.735011 1
1.410747 18.849473 1
5.611041 13.079923 -1
3.527051 8.946594 -1
4.097540 17.376943 1
11.244148 4.727719 -1
3.916522 16.757929 1
6.292122 7.927408 -1
16.717642 11.100931 -1
16.071981 13.028611 -1
18.647182 15.235026 1
14.657301 7.339191 -1
13.846165 0.070421 1
8.895322 14.432540 -1
0.116889 15.337654 1
5.943280 7.000100 -1
19.725503 7.056538 1
16.221771 9.049427 -1
2.072912 9.041345 1
11.693568 9.292262 -1
5.771823 15.612481 1
9.451409 7.282735 -1
0.915635 5.595059 1
5.445895 11.683421 -1
10.662626 1.785369 1
16.194058 4.477929 1
1.533155 4.510002 1
15.487941 3.079993 1
17.104030 12.687228 1
17.438555 11.533035 1
4.757845 12.420461 -1
11.512757 15.439040 -1
15.754893 6.296420 -1
7.256744 15.838828 -1
14.367908 4.150448 1
6.730649 13.711998 -1
9.960297 7.672375 -1
3.478336 18.510968 1
14.380326 13.398447 -1
19.995998 17.974732 1
12.802570 0.869952 1
14.098454 7.664216 -1
1.763293 9.466483 1
0.556352 17.941978 1
2.983078 8.887158 1
5.229728 11.499077 -1
6.121634 7.533573 -1
6.418034 5.355896 -1
6.986480 10.110119 -1
9.770418 8.882113 -1
12.843831 6.138404 -1
6.418162 17.737210 1
3.434101 5.379784 1
5.057520 3.338410 1
14.279160 17.260403 1
6.965920 1.721389 1
8.257498 17.096139 1
0.335435 14.625439 1
4.462033 13.511796 -1
5.050115 17.254759 1
13.884149 9.005654 -1
19.462192 13.173087 1
4.478124 10.056321 -1
15.327695 13.967136 -1
7.059533 6.067122 -1
18.861289 4.444071 1
2.076905 18.941666 1
15.903272 5.435852 1
18.914958 13.509434 1
8.588175 6.970803 -1
9.013934 9.986402 -1
12.687717 16.904531 1
5.564117 9.847160 -1
11.508414 9.117419 -1
18.961633 2.829692 1
6.938788 14.825767 -1
5.706175 16.201615 1
17.055179 17.144003 1
19.624974 4.801648 1
4.079461 3.811548 1
5.253042 15.800415 1
17.216535 0.639068 1
3.249508 3.785249 1
7.605945 3.599169 -1
15.034728 3.248745 1
18.818234 18.635319 1
12.784252 10.705632 -1
12.961694 14.705364 -1
6.387178 15.966051 -1
4.856599 15.751367 1
10.024947 5.747181 -1
4.580918 3.122136 1
18.941956 17.219479 1
8.087563 4.139111 -1
8.752123 0.033519 1
7.729426 11.705842 -1
16.713456 4.602037 1
9.856806 19.563474 1
1.090000 17.978154 1
13.458179 19.803010 1
2.255954 6.956951 1
13.012646 5.736161 -1
8.749805 9.515207 -1
16.699512 4.215066 1
5.530615 5.856680 -1
1.169699 18.718898 1
7.762504 13.845241 -1
10.361302 18.108066 1
4.854311 7.794008 -1
9.796119 15.901270 -1
2.869473 12.071097 1
0.274180 3.863728 1
17.129214 18.312160 1
8.800323 9.425170 -1
18.936531 8.650621 1
14.250097 19.675324 1
18.266540 13.132852 1
16.751553 14.011332 1
1.347567 15.411985 1
7.937674 2.492327 1
14.168519 9.064620 -1
15.355979 8.349611 -1
13.960080 19.901593 1
2.519503 8.954588 1
19.896318 16.778869 1
12.727248 10.079309 -1
15.448601 12.706548 -1
6.333967 5.049872 -1
10.913026 8.639492 -1
16.340991 1.003249 1
10.217450 19.893021 1
6.300046 1.195248 1
9.850171 3.908849 -1
18.672930 0.069018 1
11.828747 6.434517 -1
14.840834 2.435503 1
14.601391 0.224577 1
18.435245 0.735689 1
6.066042 2.842100 1
10.066680 8.604466 -1
18.412069 5.045593 1
5.684541 8.196448 -1
9.184069 1.116037 1
3.162737 19.896823 1
4.089504 1.908973 1
19.819738 2.389189 1
13.235817 8.425143 -1
7.613768 19.620799 1
13.968311 8.147331 -1
12.505877 1.581043 1
10.178294 14.015922 -1
18.268608 16.538050 1
0.252824 6.108369 1
2.130532 14.855795 1
4.512597 17.882423 1
8.742199 3.590879 -1
18.191370 13.805932 1
7.114486 4.554764 -1
16.526282 19.381491 1
9.429115 13.863227 -1
9.332336 16.057644 -1
7.121343 16.993816 1
3.351775 5.077844 1
7.472377 9.559014 -1
18.907894 19.301642 1
13.375177 18.264050 1
2.170249 9.649421 1
15.634355 12.074629 -1
1.465059 0.391466 1
11.945618 19.916341 1
13.870625 0.288752 1
5.072676 6.206543 -1
2.708477 16.017893 1
12.143910 12.528203 -1
14.823048 8.628813 -1
12.871361 8.237782 -1
2.903142 4.481654 1
10.415914 4.811366 -1
9.841219 15.132003 -1
5.186066 13.716984 -1
12.711988 5.133955 -1
7.392740 5.082872 -1
1.677198 12.583288 1
17.799174 1.983294 1
7.196223 13.930240 -1
1.726409 1.884125 1
17.226821 15.998444 1
17.931661 1.405128 1
16.361750 19.476542 1
9.712130 10.075656 -1
4.507679 4.207684 1
14.329712 13.151049 -1
10.165966 7.163270 -1
7.206431 6.287952 -1
10.298624 5.565449 -1
4.544695 5.491449 1
18.223890 12.478269 1
12.656926 12.247152 -1
6.158637 17.636905 1
8.534264 13.773850 -1
9.740811 6.372888 -1
19.649027 4.481868 1
9.768790 9.561407 -1
14.240325 13.260132 -1
10.099269 4.795985 -1
12.124417 8.679582 -1
0.389454 16.495407 1
14.713509 2.645572 1
2.572122 1.584560 1
12.699025 13.983933 -1
18.953940 6.116054 1
14.214534 6.249107 -1
11.723291 9.811022 -1
8.180811 10.711879 -1
5.261376 10.577819 -1
4.225832 8.201562 -1
7.284837 9.025490 -1
11.718947 10.136520 -1
12.959068 17.225255 1
12.874578 1.714067 1
6.179251 9.269642 -1
13.311999 10.018295 -1
3.857303 10.028853 -1
0.935248 17.973293 1
10.816891 14.950048 -1
15.490530 1.223452 1
12.910554 12.761487 -1
15.049033 18.163274 1
19.518197 13.826671 1
15.928543 6.823601 -1
8.769183 8.168239 -1
0.901640 4.349518 1
5.345871 16.414189 1
2.878316 15.092692 1
4.986823 8.478302 -1
1.942910 12.983727 1
19.092122 18.548077 1
11.107336 19.397604 1
19.893839 12.739657 1
3.393935 15.724157 1
2.432021 9.106676 1
14.209712 13.507455 -1
15.946931 13.591929 -1
1.118945 12.587302 1
0.512290 14.350704 1
10.580596 8.355996 -1
5.944275 18.779760 1
16.572844 1.853484 1
14.454338 0.637497 1
2.833482 6.954949 1
0.534994 19.464201 1
5.497576 5.804532 -1
3.309432 11.623210 -1
8.929849 4.474682 -1
13.983573 17.048755 1
13.170596 13.682641 -1
7.394312 10.458559 -1
1.822772 6.801443 1
13.320171 13.760702 -1
9.589402 14.593288 -1
14.415411 9.695503 -1
13.523510 19.562671 1
13.377915 14.274290 -1
16.698155 9.580575 -1
2.550981 11.997232 1
16.193905 7.795886 -1
4.878854 6.969632 -1
10.848745 10.177177 -1
1.594055 0.870471 1
11.189859 13.446780 -1
14.545331 7.009931 -1
6.795561 9.770253 -1
6.335520 5.287495 -1
12.277877 5.270958 -1
0.115411 18.712263 1
5.475391 11.963380 -1
7.382232 19.833121 1
16.554848 8.450623 -1
10.253338 14.356292 -1
8.598371 8.974668 -1
11.632423 11.020993 -1
13.022740 10.538863 -1
17.686190 2.818705 1
14.554015 1.018524 1
15.368416 11.327821 -1
3.927651 13.134893 -1
8.562473 15.112216 -1
5.366667 12.880060 -1
17.505450 15.028698 1
9.838815 13.873867 -1
0.742778 8.749111 1
6.149567 13.441639 -1
13.928566 10.967527 -1
13.949578 17.338858 1
17.303740 12.534289 1
18.364281 5.239929 1
13.245064 19.574069 1
19.544351 5.781204 1
2.936419 18.161388 1
2.941413 5.957350 1
17.116756 17.420138 1
9.399597 1.769551 1
7.164910 5.619423 -1
9.572681 8.763627 -1
0.876425 19.977254 1
17.718730 14.244199 1
8.754740 7.264236 -1
9.885546 8.443267 -1
15.727448 8.680805 -1
16.447800 14.938507 1
14.473457 4.478615 1
1.761673 14.804802 1
17.839944 11.510202 1
8.507853 6.219477 -1
18.705680 17.223376 1
12.472480 15.470002 -1
16.280210 13.660768 1
4.248441 12.730026 -1
7.195221 13.420236 -1
4.855458 11.066352 -1
19.801838 6.349338 1
16.470985 15.318829 1
5.572920 13.370299 -1
9.508163 1.526921 1
15.202124 9.658136 -1
6.338643 4.901225 -1
8.412220 1.042731 1
2.759308 16.468240 1
2.962000 19.588825 1
6.861887 9.645796 -1
1.038551 15.419161 1
6.898273 7.360826 -1
9.863867 14.774606 -1
18.320593 6.648629 1
3.058939 7.933860 1
13.439003 11.357042 -1
16.173556 11.673777 -1
14.049252 10.010559 -1
1.509075 0.430850 1
10.670217 19.165840 1
12.712395 13.167730 -1
13.185504 12.688355 -1
19.229151 1.910227 1
19.625020 14.021711 1
9.044995 18.367795 1
6.187840 0.881330 1
4.676555 3.247225 1
8.256775 14.587753 -1
18.799737 8.872192 1
15.552459 12.507848 -1
6.060852 11.967203 -1
19.737459 6.690382 1
12.551912 12.098139 -1
13.462997 17.774748 1
4.014890 18.726444 1
6.672151 4.471190 -1
14.397708 17.411911 1
15.037513 7.550428 -1
11.063902 14.626647 -1
17.249674 5.687732 1
17.566153 0.730853 1
12.585259 11.472761 -1
13.612237 12.425569 -1
11.103018 3.159322 -1
11.080495 15.104630 -1
3.266645 15.995815 1
14.129379 11.319595 -1
14.302865 11.877391 -1
8.707983 12.707953 -1
15.122920 4.971874 1
1.791413 8.868559 1
12.887673 6.704689 -1
11.801450 5.272547 -1
1.165164 13.428141 1
8.153376 13.447556 -1
16.742967 18.811496 1
16.807239 12.661487 1
7.716585 5.825582 -1
17.284330 18.227574 1
11.472221 5.249849 -1
14.833147 16.898400 1
18.137514 0.331471 1
18.518451 14.014808 1
11.383715 6.623404 -1
17.886983 17.643390 1
7.442946 2.430864 1
0.847144 14.969611 1
17.855036 18.884249 1
12.578515 8.362975 -1
13.250466 3.971529 -1
10.740787 19.945564 1
8.067930 9.563733 -1
8.740567 16.177692 -1
14.195164 5.624543 -1
14.301866 3.169775 1
16.862207 4.903279 1
7.299770 4.264297 -1
3.892090 6.593196 -1
7.705241 6.558283 -1
12.593398 12.556204 -1
9.219496 8.823557 -1
1.339833 11.361889 1
16.020830 2.434355 1
3.993803 12.057184 -1
19.212439 18.658894 1
12.798326 10.553324 -1
10.664308 13.024260 -1
5.962023 5.351490 -1
0.547495 19.304074 1
6.854131 14.796685 -1
10.640182 16.232138 -1
6.832562 15.478944 -1
14.633299 16.133915 1
10.974896 8.662619 -1
6.345765 13.958958 -1
18.029298 15.146462 1
0.741562 10.942287 1
1.089887 7.463341 1
12.027202 5.466314 -1
14.072576 15.443625 -1
18.941691 1.735961 1
5.443776 4.168783 1
4.241521 6.811286 -1
16.071023 11.758695 -1
10.000389 9.576862 -1
18.759915 12.094228 1
2.283775 7.994682 1
9.419483 5.038053 -1
11.972855 18.264965 1
10.279600 15.917074 -1
16.783253 19.036831 1
11.987307 3.693901 -1
14.244060 9.597221 -1
5.251553 15.493347 1
18.286465 17.538338 1
1.842272 3.548831 1
19.306557 0.457911 1
8.701198 19.417158 1
13.545894 7.838383 -1
4.293068 1.344344 1
1.871257 11.165402 1
10.265977 5.393997 -1
10.049733 0.764996 1
15.746457 0.822325 1
4.202491 15.369633 1
13.750603 4.246789 -1
1.602117 13.225382 1
0.518660 2.120166 1
15.680157 11.964794 -1
10.089950 15.210973 -1
15.502940 7.893871 -1
4.163336 4.303300 1
4.880837 5.295404 -1
17.601462 18.724102 1
11.293501 17.303812 1
18.473602 17.574890 1
17.413544 16.939157 1
0.796577 11.361666 1
6.397305 3.162104 1
3.915219 1.970210 1
18.255083 5.260598 1
7.356892 8.170561 -1
16.608686 19.883104 1
11.084068 7.618789 -1
18.949764 13.611145 1
12.415907 9.058475 -1
7.992521 4.263818 -1
18.532265 19.210101 1
18.660379 16.266683 1
2.268516 13.085746 1
7.554898 8.346411 -1
1.787717 10.075242 1
2.182811 2.082017 1
13.083654 8.939922 -1
11.715518 16.465386 -1
4.412868 19.754640 1
11.718438 4.330810 -1
5.464091 17.052826 1
2.695587 18.674394 1
4.034418 6.974214 -1
11.640994 19.144553 1
7.921948 18.529108 1
1.537299 18.911550 1
4.710452 13.093610 -1
13.219517 9.003263 -1
9.040759 16.587214 -1
0.166466 6.913618 1
0.679409 13.027466 1
15.477972 14.040728 -1
19.664137 11.112388 1
5.993347 3.374338 1
11.633770 12.041177 -1
3.372775 9.298852 -1
10.075443 9.140671 -1
7.472629 7.116202 -1
14.563476 6.204226 -1
14.222940 16.677016 1
9.096790 9.833436 -1
0.027530 13.173320 1
8.968371 7.681556 -1
7.846908 14.890818 -1
12.032541 10.475892 -1
2.701758 17.368915 1
10.133043 0.020339 1
4.312160 14.586223 1
12.444515 11.066579 -1
19.680229 18.720692 1
12.177005 2.797172 1
6.924651 7.817425 -1
14.927131 8.314790 -1
4.251896 13.924988 -1
1.694143 9.340882 1
18.704685 17.502121 1
17.106275 12.530683 1
11.047171 7.016845 -1
12.483550 6.139806 -1
6.772474 3.365051 1
6.083589 5.245021 -1
0.584306 12.809629 1
1.634065 19.835058 1
14.801183 0.772932 1
9.630695 4.870884 -1
11.840776 9.373716 -1
18.752613 13.661837 1
5.220536 5.788408 -1
2.493860 0.774806 1
17.608868 17.641707 1
19.908436 0.877857 1
10.619137 10.892613 -1
5.176445 15.401116 1
15.393434 1.702543 1
2.373019 9.617140 1
16.102761 11.015434 -1
12.620214 4.252767 -1
0.640600 19.540978 1
15.472506 1.664357 1
12.280228 14.272578 -1
13.345092 18.892384 1
15.724407 12.208066 -1
5.567707 12.433364 -1
11.604461 16.887554 1
8.879817 15.430790 -1
10.646545 17.093752 1
9.409474 6.639555 -1
14.941046 15.355471 1
5.595065 5.308671 -1
15.711108 10.508140 -1
3.148582 10.434220 -1
7.919374 16.595062 -1
11.607282 13.116972 -1
14.515963 13.536002 -1
6.575618 4.612462 -1
4.196695 7.690185 -1
3.324403 19.349489 1
19.652611 0.730820 1
17.876959 3.574358 1
14.915936 4.245181 1
4.527518 8.001831 -1
6.808870 7.162395 -1
3.330976 18.530687 1
6.643013 14.289826 -1
6.745438 9.180328 -1
13.161863 18.755247 1
4.941093 4.240976 1
2.889065 18.221256 1
6.413181 8.241655 -1
6.511496 6.990801 -1
19.696844 11.518130 1
16.374332 3.198696 1
0.271024 15.793461 1
2.175805 17.882317 1
11.285310 13.930975 -1
13.686530 15.254379 -1
0.759147 5.165675 1
5.710032 5.219319 -1
12.101637 17.676533 1
5.539032 3.080402 1
6.009524 7.498620 -1
1.182874 4.598831 1
15.778761 9.129094 -1
14.112629 17.755044 1
5.951888 9.429931 -1
10.076027 8.978866 -1
7.792097 7.149770 -1
7.828673 13.629374 -1
14.373820 13.536498 -1
0.857650 13.332755 1
2.702438 13.144081 1
6.112217 16.467046 1
9.958591 15.755418 -1
14.193435 7.021704 -1
16.440867 0.296443 1
2.020502 5.315021 1
5.301337 8.450447 -1
7.843647 5.410028 -1
10.732068 8.213435 -1
9.416462 8.215459 -1
11.250150 4.928195 -1
17.288733 18.814667 1
6.696133 11.919980 -1
6.120570 6.810030 -1
4.874371 12.079240 -1
3.258377 11.824132 -1
5.770178 2.346453 1
9.454429 8.768911 -1
18.007160 18.827136 1
9.138354 4.943230 -1
4.453734 19.355251 1
11.979594 2.983842 1
5.270776 10.028424 -1
7.879434 4.849829 -1
17.041731 7.815036 1
9.055413 4.831410 -1
14.780219 5.058279 -1
13.805247 19.350127 1
17.604595 15.423079 1
5.769644 8.905469 -1
7.935455 7.627194 -1
6.184292 4.380712 -1
5.517023 19.124086 1
11.382069 5.225352 -1
2.942499 16.887914 1
7.794043 14.707310 -1
0.560008 19.312569 1
11.269417 2.625217 1
14.933170 17.370026 1
3.209354 1.861952 1
10.595501 7.796903 -1
18.497625 5.444247 1
11.475798 13.180142 -1
12.377948 11.219130 -1
5.125247 4.154591 1
2.520941 9.472074 1
15.801143 2.044107 1
4.297745 12.159049 -1
10.448731 2.878287 1
15.329406 6.043287 -1
19.526326 18.497843 1
1.973525 0.906770 1
6.724787 2.486920 1
6.393093 0.377510 1
17.344155 13.931565 1
9.720442 12.812252 -1
6.240594 3.348714 1
13.730569 9.454170 -1
8.510235 6.391148 -1
5.068773 7.279629 -1
15.692074 9.533157 -1
7.322682 19.006268 1
3.374169 19.074001 1
11.745471 10.048388 -1
16.609196 18.943040 1
14.233719 9.383299 -1
5.877972 12.041738 -1
4.680896 13.919915 -1
4.398316 1.324834 1
1.139434 10.572638 1
3.723398 11.641297 -1
13.896317 12.833525 -1
19.035611 14.477824 1
6.581576 9.437168 -1
11.901906 3.613888 -1
1.479117 1.018458 1
3.136052 10.005438 -1
13.969672 5.482320 -1
18.967817 8.556309 1
10.532434 15.379479 -1
14.607272 5.691934 -1
8.343128 2.222500 1
6.583180 12.209014 -1
10.980700 9.337234 -1
9.347898 3.830187 -1
12.377318 17.989171 1
5.322585 15.039870 -1
7.488942 6.355359 -1
19.245361 6.704784 1
4.302690 4.876375 1
4.293263 1.719319 1
12.336751 15.037449 -1
9.626990 3.833131 -1
0.086612 9.261742 1
13.750547 0.490810 1
4.728714 11.831760 -1
17.712999 1.642236 1
9.235997 5.523142 -1
4.687771 10.422742 -1
18.229819 10.446779 1
13.629066 12.939821 -1
7.427594 6.233308 -1
16.281017 18.013911 1
0.558726 9.095756 1
9.613403 0.362196 1
5.315763 12.080813 -1
14.524831 5.555666 -1
9.817391 18.671042 1
5.839614 1.702075 1
17.911490 19.058300 1
17.613025 8.154916 1
7.637457 5.009526 -1
16.983942 16.650629 1
17.210917 18.157322 1
5.945515 11.325953 -1
11.545066 0.863615 1
17.694522 0.475086 1
11.339202 7.170639 -1
6.375926 14.329833 -1
12.928406 8.826021 -1
11.232316 4.445964 -1
15.621344 17.729243 1
11.497266 15.778210 -1
9.501044 8.768210 -1
7.638055 5.149809 -1
8.580636 19.896947 1
0.561724 15.363138 1
6.660786 2.754413 1
0.983304 10.184382 1
8.361842 4.019769 -1
17.140136 12.726572 1
19.766880 15.033239 1
8.943628 10.706003 -1
15.138442 11.867939 -1
13.562336 3.838624 1
4.498039 13.327805 -1
15.349726 11.396899 -1
18.608547 1.823906 1
10.690033 11.302163 -1
17.429190 17.576113 1
15.433263 18.201669 1
10.789778 6.496066 -1
17.384772 5.357284 1
18.047396 9.141662 1
3.138051 19.837280 1
11.993914 10.166297 -1
6.827975 8.195352 -1
9.362581 10.479829 -1
16.837569 2.709979 1
12.442636 6.650343 -1
15.009279 15.946684 1
12.076165 14.850964 -1
4.934697 7.006972 -1
14.084811 0.524435 1
10.285041 19.042260 1
2.770094 8.216930 1
9.093950 19.842150 1
13.554353 11.063019 -1
16.089514 7.826469 -1
7.867033 3.564331 -1
0.202148 9.156914 1
16.305975 18.821189 1
11.008183 10.083484 -1
15.841209 6.908804 -1
3.417718 10.988193 -1
6.553160 18.321230 1
