9.694823 4.766054 -1
4.422946 7.524684 -1
10.610102 3.827919 -1
3.318503 15.204782 1
15.913653 15.997155 1
0.221082 2.782726 1
6.397119 10.859320 -1
18.225607 14.401144 1
3.868925 10.487107 -1
9.149183 0.067891 1
6.667865 16.091099 -1
6.895865 12.034709 -1
10.452522 10.324748 -1
13.763523 19.417284 1
3.257710 10.682115 -1
11.214868 3.359915 -1
10.316812 8.389270 -1
2.893606 0.788623 1
8.555368 7.346826 -1
7.975177 6.401112 -1
5.282957 6.177819 -1
3.723320 3.891607 1
18.141434 13.889593 1
15.171478 19.382896 1
19.863982 4.265347 1
0.942575 8.217786 1
16.820497 1.275586 1
2.641214 1.463419 1
8.060928 7.519616 -1
6.207890 9.231786 -1
4.850408 3.374883 1
10.408680 14.541446 -1
7.551613 10.294103 -1
5.548605 18.340175 1
15.463787 1.387203 1
10.511911 3.494367 -1
2.876062 12.366049 1
18.253040 19.666795 1
9.458142 12.240428 -1
19.447689 2.531784 1
11.479839 9.519177 -1
18.805021 9.741134 1
13.859102 9.673988 -1
9.272788 3.294704 -1
10.493010 9.875147 -1
18.279425 15.363291 1
10.646071 7.208530 -1
2.459351 1.903075 1
9.454672 12.988821 -1
0.057355 14.374949 1
17.900506 5.308479 1
16.687653 11.691025 -1
9.009841 15.222048 -1
14.876230 6.476908 -1
5.042111 14.264779 -1
2.541291 6.254127 1
13.533911 2.415425 1
8.481261 10.729512 -1
4.511149 6.675778 -1
14.626727 16.084213 1
15.654446 8.661626 -1
6.405713 1.804263 1
15.879911 10.693072 -1
5.696071 1.350921 1
19.723559 0.278729 1
4.758393 9.044242 -1
15.284547 7.149651 -1
0.465764 13.901459 1
16.484984 3.516169 1
15.424334 8.311346 -1
14.674027 8.338946 -1
11.973680 2.444362 1
18.960264 14.243965 1
18.925112 14.681544 1
3.590703 11.619453 -1
1.015777 14.586370 1
8.110933 5.858623 -1
10.175701 11.978229 -1
12.422957 5.037047 -1
19.992659 5.439004 1
15.242400 4.350838 1
19.355443 10.170226 1
11.650030 8.700146 -1
0.256056 0.037268 1
6.608947 18.685097 1
6.105460 1.424698 1
4.884082 6.144445 -1
9.713777 14.077690 -1
16.711580 6.164054 1
7.077165 7.832792 -1
0.358519 3.037325 1
7.985952 3.311905 -1
15.938309 8.437764 -1
12.740803 12.053272 -1
16.352265 8.767407 -1
2.500537 1.431444 1
14.158504 10.125850 -1
0.515781 16.333493 1
0.208548 16.911075 1
8.715472 5.214832 -1
12.508127 16.038958 -1
0.435344 16.455752 1
14.002976 12.010062 -1
4.150196 1.835785 1
15.162481 12.635057 -1
16.183236 8.701061 -1
9.292522 10.328692 -1
9.307132 12.662080 -1
8.932473 9.817400 -1
18.449032 0.234451 1
12.010218 5.338703 -1
10.753484 11.822982 -1
5.300246 14.302475 -1
14.195790 9.301337 -1
1.283712 4.316868 1
9.929079 0.338410 1
18.413815 16.655099 1
11.189158 10.367180 -1
4.751219 8.483970 -1
6.307359 9.269340 -1
7.999719 11.915717 -1
6.734097 7.597751 -1
4.443106 13.332134 -1
9.529418 7.044513 -1
7.909427 8.835049 -1
2.684583 16.987705 1
12.244624 9.049169 -1
13.438651 4.879554 -1
13.658649 7.522463 -1
19.304082 7.078469 1
1.143345 8.280288 1
13.656409 6.974539 -1
11.554487 3.729642 -1
4.998830 0.846459 1
14.653970 11.369480 -1
4.613750 7.817093 -1
7.806948 11.950392 -1
0.767135 17.311087 1
11.558879 6.844359 -1
3.461851 4.115868 1
6.374530 5.811876 -1
1.299198 19.691601 1
12.982019 9.886701 -1
13.132706 4.730115 -1
4.245418 9.917335 -1
2.884416 2.359194 1
11.025512 4.691470 -1
1.440527 12.741154 1
5.638684 8.423962 -1
11.110707 1.260074 1
6.946100 9.634320 -1
14.049152 5.313528 -1
8.177473 13.768096 -1
13.573939 14.891509 -1
19.610372 14.608704 1
2.824171 0.004656 1
3.242963 16.282617 1
14.368955 14.956813 -1
3.737643 7.439876 -1
18.535923 5.223270 1
9.134377 0.552775 1
13.693165 16.914288 1
11.254422 14.991252 -1
15.923626 6.774220 -1
8.634777 8.805628 -1
9.031634 19.542596 1
13.169184 11.785726 -1
18.384095 8.441977 1
1.557483 4.377084 1
13.378816 15.830293 -1
11.374604 3.106711 1
16.785813 0.931947 1
13.414554 8.665097 -1
19.537177 7.270125 1
3.750644 11.188645 -1
15.505738 12.117334 -1
3.578553 5.607313 1
16.355378 8.224440 -1
18.243956 0.453990 1
13.136714 11.376664 -1
3.251279 16.661295 1
0.690500 14.550530 1
9.804978 7.045475 -1
11.687087 9.281558 -1
8.955869 8.927589 -1
9.070874 19.936362 1
12.666206 0.765630 1
10.546184 4.003500 -1
12.262407 17.455726 1
2.327877 12.801085 1
3.668012 1.480975 1
6.611349 0.148768 1
0.721085 3.385688 1
2.688864 5.586394 1
0.784453 19.215337 1
7.893329 1.114545 1
1.280260 3.692683 1
10.533821 19.629815 1
19.052125 0.207931 1
4.741707 4.683721 1
12.082544 3.472695 -1
8.279973 10.366190 -1
14.025643 9.466227 -1
15.074375 6.170173 -1
7.137832 17.416433 1
11.656057 13.030827 -1
5.822950 6.031826 -1
11.744797 1.566254 1
7.364322 10.944028 -1
11.904412 18.988940 1
0.746604 10.545220 1
15.446988 12.836992 -1
4.676447 4.572569 1
7.982908 17.242835 1
13.026859 0.712656 1
12.627504 4.093540 -1
1.749777 11.511256 1
8.127435 12.750332 -1
9.500493 7.931371 -1
9.030690 15.582073 -1
16.883315 1.231526 1
1.949685 10.241077 1
13.123582 17.336472 1
9.761955 4.709742 -1
9.344981 12.397925 -1
18.017522 10.787800 1
3.281913 16.521621 1
10.437079 10.087620 -1
14.213721 6.071953 -1
14.867704 7.996524 -1
16.801639 18.611588 1
7.388009 12.518378 -1
16.804687 17.717407 1
7.584659 6.464786 -1
6.281741 6.765884 -1
17.899897 5.483169 1
6.959405 15.843554 -1
0.870668 5.267933 1
6.890307 7.586828 -1
10.544343 9.065924 -1
0.801147 3.867045 1
9.399201 19.670594 1
3.442626 15.206901 1
12.200337 17.112968 1
16.276201 8.314463 -1
12.722815 4.909162 -1
7.028243 8.935851 -1
4.033764 18.292103 1
15.137705 6.331306 -1
1.698532 17.341719 1
6.515513 9.408375 -1
17.881820 10.469894 1
11.592857 9.707259 -1
11.188676 17.476469 1
12.296831 3.989399 -1
7.138415 16.210260 -1
5.154967 12.061242 -1
15.477974 13.916004 -1
10.412852 16.070406 -1
19.892920 6.562995 1
7.859143 8.083535 -1
0.969348 12.083190 1
7.846564 10.987920 -1
19.554643 0.711746 1
11.986116 10.642002 -1
9.354290 8.905238 -1
8.014446 2.197308 1
3.455259 8.572111 -1
8.876032 8.699109 -1
7.496820 3.732271 -1
7.740098 8.080063 -1
7.870929 8.788239 -1
12.430524 5.017510 -1
19.788137 4.950873 1
1.314498 5.235195 1
5.972062 8.540526 -1
12.973036 5.436153 -1
4.072503 0.464828 1
18.225089 16.437064 1
13.466855 19.164678 1
3.345953 11.318619 -1
5.250139 9.968649 -1
0.289584 18.214493 1
8.727798 9.755916 -1
12.957420 16.925108 1
13.664983 13.982040 -1
12.183736 13.106806 -1
16.863077 1.934510 1
12.179425 18.020560 1
15.521231 14.279824 -1
16.237348 17.888296 1
0.204850 6.963538 1
4.159380 8.298974 -1
9.290094 15.610367 -1
8.778188 5.260620 -1
4.286739 19.177360 1
1.128367 15.458397 1
8.994739 6.109605 -1
15.584528 9.172164 -1
16.816747 0.315756 1
19.886160 11.517209 1
9.956624 10.252491 -1
17.125058 18.723796 1
6.846079 7.704196 -1
11.670891 14.916269 -1
13.495569 16.083295 1
12.167829 15.687390 -1
11.773147 11.778429 -1
17.287848 16.471097 1
1.688942 9.523242 1
4.271958 6.521639 -1
10.533986 6.932759 -1
12.566586 18.535559 1
13.749973 18.486996 1
9.825751 15.231073 -1
16.707197 10.441582 -1
16.145833 16.203614 1
9.480095 6.067700 -1
13.333042 10.878475 -1
8.349443 3.621765 -1
11.546860 4.446281 -1
16.243197 15.198726 1
19.567013 8.704356 1
14.365953 15.199164 -1
0.395347 2.407782 1
1.735086 2.823555 1
5.750653 17.635958 1
2.366016 8.962586 1
2.393760 6.421558 1
4.682409 5.738889 -1
9.429248 19.045004 1
4.624844 6.438066 -1
12.590084 4.200386 -1
12.269425 6.057433 -1
2.738649 11.171963 1
1.190321 19.853064 1
2.031417 16.923732 1
5.463631 9.578204 -1
7.095768 12.175648 -1
17.169214 5.847012 1
5.718404 6.798702 -1
14.631381 18.662780 1
19.624679 13.544237 1
12.077821 5.459004 -1
11.018093 16.019294 -1
9.295808 10.634279 -1
12.178027 8.943210 -1
3.547069 8.405142 -1
11.607753 19.049745 1
18.263068 1.032121 1
7.087863 11.880799 -1
5.305650 6.640921 -1
1.522228 14.553839 1
15.414848 10.043349 -1
12.231361 10.443050 -1
9.439048 5.455231 -1
15.884966 13.702775 -1
11.900177 14.204761 -1
18.213854 14.539461 1
2.481432 1.438472 1
14.163834 15.183129 -1
8.838868 15.552879 -1
11.162227 10.245136 -1
13.238486 0.221649 1
6.415002 1.378309 1
16.789011 12.031865 1
11.492290 14.389779 -1
6.152590 17.511248 1
11.779835 7.336921 -1
13.733212 8.360658 -1
5.212550 10.763980 -1
5.906758 4.017588 1
10.530415 4.777999 -1
7.194103 7.048930 -1
6.493256 15.737112 -1
16.070944 11.552009 -1
12.880842 17.593063 1
4.489673 6.156639 -1
8.287455 19.148583 1
4.392195 11.217208 -1
7.192454 3.226618 1
11.421790 6.223658 -1
16.672261 1.680358 1
5.004361 18.050272 1
14.732685 13.890285 -1
19.204911 4.028284 1
12.998306 13.075322 -1
7.639972 15.934920 -1
16.402605 12.484246 -1
2.085538 5.123001 1
4.651478 14.864456 1
13.298199 19.884764 1
1.925208 19.331580 1
5.307880 4.938503 -1
5.293082 8.832205 -1
17.665558 17.029382 1
14.900016 16.444798 1
7.910792 6.546452 -1
8.932225 17.344577 1
18.523362 1.493620 1
2.022303 15.859999 1
7.396957 10.421395 -1
10.318948 7.006668 -1
10.076496 6.917627 -1
10.372647 14.418205 -1
14.855158 5.654830 -1
7.939865 7.858229 -1
0.540106 14.971415 1
7.278229 3.968767 -1
7.103593 4.728546 -1
0.200855 1.625548 1
1.228706 2.979262 1
3.920610 7.957560 -1
12.640364 19.667279 1
10.424283 7.157098 -1
11.457039 14.123686 -1
14.148211 7.503874 -1
14.283627 12.954676 -1
5.519784 9.976313 -1
14.125683 0.137011 1
4.798509 14.482805 -1
7.530278 0.525403 1
9.323780 16.321653 -1
14.787328 1.496869 1
12.215387 11.975831 -1
17.745545 10.851138 1
12.357928 3.510988 -1
18.948253 13.059688 1
19.601573 12.629215 1
15.249970 10.140350 -1
4.676603 10.711508 -1
2.140373 14.440457 1
19.323699 6.377157 1
8.361206 0.971832 1
19.837647 16.357605 1
11.452452 3.066991 1
16.469571 9.790566 -1
13.898054 14.455678 -1
11.732766 12.034339 -1
6.278189 7.441643 -1
12.218726 6.802418 -1
19.351646 0.229422 1
11.423536 9.488960 -1
13.065242 11.629786 -1
15.606293 19.944131 1
18.024668 7.802291 1
7.398442 18.371941 1
3.319629 13.326788 1
11.026782 10.854576 -1
6.244766 7.506680 -1
9.791237 11.605796 -1
1.038917 17.971229 1
14.489079 13.760439 -1
1.825533 7.847145 1
12.985907 19.142586 1
9.758895 14.044082 -1
16.055854 18.983495 1
13.922052 4.798966 -1
7.993253 14.362066 -1
3.524424 5.639411 1
7.910288 0.575996 1
15.947948 12.620614 -1
17.018508 6.227131 1
10.950018 3.825499 -1
11.998235 5.905484 -1
12.751043 9.939982 -1
7.291391 9.348219 -1
14.859329 1.462343 1
14.940441 17.438757 1
17.471890 6.507160 1
1.577859 19.449682 1
5.968001 11.907066 -1
14.020324 9.526585 -1
1.937101 6.088055 1
16.952540 11.136544 1
9.171042 12.051051 -1
4.821781 3.456449 1
15.509781 6.689613 -1
19.834893 17.712990 1
16.173495 5.389003 1
13.445164 8.684467 -1
18.381774 1.139407 1
12.632718 10.296810 -1
9.088830 3.878447 -1
13.673423 12.820292 -1
13.777677 18.499353 1
3.298745 14.549335 1
11.833922 18.231413 1
13.920552 12.405667 -1
1.489406 16.770277 1
9.884143 12.473255 -1
0.376753 5.866067 1
17.604254 3.532272 1
11.050105 11.087502 -1
5.350768 9.932994 -1
16.987167 10.285770 -1
12.401934 15.964456 -1
9.843592 5.798030 -1
0.027507 17.443110 1
9.540777 1.608040 1
15.868520 11.671946 -1
10.252825 12.132877 -1
0.678553 0.746804 1
17.809279 17.019465 1
7.231185 19.904742 1
8.628475 18.532352 1
14.111717 5.746683 -1
16.687883 17.661615 1
0.276245 14.759191 1
1.527744 16.622860 1
2.939549 16.160422 1
10.213986 11.181785 -1
16.147694 8.480264 -1
8.692414 6.153433 -1
13.308497 13.321170 -1
17.213832 19.977601 1
17.429722 19.953313 1
19.899803 3.397877 1
5.259168 14.337662 -1
17.705879 8.237945 1
2.338512 0.832764 1
7.879922 8.642855 -1
7.525807 3.279256 1
10.950190 17.452961 1
6.788069 1.945357 1
3.599919 18.330600 1
11.261176 6.693442 -1
10.725039 3.737849 -1
5.155310 11.416209 -1
14.291603 5.101700 -1
19.282395 14.218557 1
14.692229 9.128880 -1
10.434228 13.046644 -1
19.511910 5.485703 1
9.493332 1.683603 1
14.438943 9.146292 -1
4.870075 10.036078 -1
16.453564 11.318982 -1
5.119570 3.744101 1
1.988450 13.844185 1
2.321569 1.985169 1
10.231493 13.826013 -1
4.475419 10.058635 -1
10.389379 5.292465 -1
4.031832 6.467535 -1
7.945136 15.525573 -1
7.398400 4.645132 -1
7.404735 3.586440 -1
13.450231 9.520743 -1
18.167790 9.154325 1
18.261394 18.814507 1
18.981737 6.149935 1
15.493140 7.651134 -1
14.044711 8.348527 -1
15.490390 4.117531 1
4.617794 8.096252 -1
4.331935 16.969649 1
6.717754 4.803363 -1
6.383746 1.855626 1
7.898535 18.060444 1
5.154097 10.622090 -1
3.312770 1.324572 1
7.306604 8.189994 -1
9.675264 18.097666 1
3.199334 11.612244 -1
2.354079 7.361404 1
7.370979 19.942654 1
17.491605 9.818633 1
0.344099 10.976571 1
19.541103 17.168841 1
12.327802 2.344244 1
14.307544 11.919113 -1
7.537007 4.531214 -1
7.413759 6.496691 -1
7.457771 0.322210 1
4.601529 19.747982 1
5.748031 10.182245 -1
0.876079 1.381052 1
2.154783 11.640790 1
1.898924 10.074005 1
18.975645 7.107361 1
13.089091 12.340198 -1
4.231417 10.582732 -1
8.990231 7.795892 -1
5.380353 5.989100 -1
4.936343 0.012451 1
10.091501 3.387024 -1
16.429913 13.569061 1
1.517907 12.776668 1
1.757895 13.457324 1
10.917360 0.261727 1
5.311191 16.092194 1
18.593526 9.658200 1
7.895146 13.773350 -1
12.235922 10.754472 -1
18.977623 7.559765 1
8.858902 14.906225 -1
7.303526 12.882573 -1
1.504336 13.915593 1
7.158254 1.663223 1
4.843837 7.656968 -1
10.651959 7.916946 -1
19.990541 11.827689 1
15.934065 18.090932 1
16.252737 17.340560 1
11.925547 15.849510 -1
10.078099 3.884292 -1
15.589580 11.625342 -1
1.332652 11.004525 1
9.451345 11.749538 -1
13.293121 18.956159 1
3.882154 16.769035 1
13.497737 13.744965 -1
13.240279 8.006969 -1
6.099007 7.245308 -1
3.601356 17.780246 1
17.035005 1.984196 1
8.902394 3.817157 -1
2.497857 10.329893 1
1.395974 6.474592 1
11.896748 18.957541 1
7.753629 10.613744 -1
18.141848 13.304525 1
11.193424 17.085791 1
3.033771 1.431390 1
7.981502 17.897446 1
8.066120 9.167215 -1
10.873406 12.226770 -1
7.841945 17.210312 1
2.288249 3.576267 1
3.881256 11.729434 -1
16.953534 7.502758 1
10.279670 17.109571 1
0.544487 18.870514 1
8.210115 1.288815 1
12.920175 4.287119 -1
19.262564 19.846393 1
4.675544 18.309946 1
9.363821 4.420884 -1
2.123116 18.501025 1
11.836123 7.643736 -1
7.552037 7.913292 -1
0.395806 16.662851 1
7.317749 8.240495 -1
0.703010 2.150823 1
8.975932 5.179135 -1
14.845066 7.821598 -1
5.574306 8.824630 -1
6.599794 12.089592 -1
10.050875 5.536892 -1
15.360395 17.856237 1
13.147348 9.325081 -1
17.226496 12.599213 1
12.432365 4.545661 -1
3.054813 6.302430 1
13.420772 13.609736 -1
12.463364 8.947793 -1
12.525058 4.239311 -1
2.233119 9.936181 1
17.814667 15.920355 1
10.503570 7.456009 -1
6.445186 10.861389 -1
8.630031 9.445458 -1
11.974679 8.283884 -1
8.866460 2.696872 1
12.240328 3.217895 1
13.364612 17.207701 1
2.005436 8.081541 1
4.693804 1.825112 1
14.952140 16.996741 1
5.479728 15.123694 -1
12.570331 3.613863 -1
0.517537 10.570229 1
13.271663 0.108345 1
16.303018 7.128919 -1
11.193517 17.450966 1
15.355095 8.160390 -1
12.542012 12.155946 -1
9.096084 9.943466 -1
1.796644 17.454432 1
3.514905 16.698222 1
10.855384 5.676460 -1
19.371112 2.847324 1
7.163419 6.653416 -1
10.986523 19.103557 1
6.901617 3.899578 -1
1.774221 16.910516 1
15.359806 9.500705 -1
10.739371 11.998198 -1
12.744341 14.657700 -1
12.592860 2.284296 1
9.798041 1.941145 1
3.477103 10.262263 -1
16.183168 1.527877 1
18.841619 19.294337 1
19.308713 14.455395 1
13.981640 13.763886 -1
19.014579 6.866707 1
15.292723 9.752479 -1
3.718335 12.582545 -1
15.349234 7.468345 -1
9.016664 12.491586 -1
12.742553 7.768828 -1
16.815583 16.052691 1
11.893372 7.509447 -1
16.104864 14.082081 1
7.822594 15.641705 -1
3.118933 7.092939 1
13.713361 6.921807 -1
18.072639 10.781244 1
10.479893 19.182424 1
12.952012 4.210648 -1
11.295281 3.931294 -1
12.329331 11.521591 -1
14.564181 13.010020 -1
6.001073 14.711132 -1
12.788481 7.054819 -1
8.327278 9.811292 -1
5.552074 18.143276 1
15.083432 2.692084 1
4.854401 13.780350 -1
12.773960 16.859175 1
14.692216 9.959309 -1
4.416717 4.408840 1
7.046321 11.885524 -1
14.655094 5.589939 -1
4.084808 11.881845 -1
14.795481 9.194803 -1
5.788538 4.676311 -1
10.097527 14.951446 -1
7.963529 14.336270 -1
5.851162 14.155390 -1
12.009903 5.447507 -1
5.849075 6.958711 -1
4.807290 4.845587 1
6.438681 11.322307 -1
13.877954 6.587032 -1
16.472022 8.022500 -1
17.240228 6.239210 1
13.134129 18.776426 1
14.883422 2.215476 1
19.428345 13.346569 1
18.733165 10.621984 1
18.501845 2.097462 1
8.224533 13.959814 -1
11.619385 2.346502 1
14.743298 7.475827 -1
6.722091 14.781977 -1
13.421880 15.201371 -1
14.465276 15.355229 -1
8.745324 11.536147 -1
14.923112 11.656134 -1
11.275131 9.047997 -1
15.653678 12.561223 -1
5.420378 2.720916 1
14.753096 1.546892 1
18.382908 3.579645 1
8.207369 0.068479 1
14.302794 5.876642 -1
19.855905 3.757897 1
5.838398 0.129610 1
7.094430 9.655678 -1
10.353177 1.689384 1
19.858568 5.619070 1
3.435790 4.628190 1
13.034620 14.744481 -1
18.940154 7.704603 1
5.812467 7.344882 -1
6.540099 8.721340 -1
15.079225 12.266965 -1
19.818209 14.903810 1
4.278219 8.897927 -1
16.071728 3.242927 1
12.086193 10.462247 -1
5.828794 17.550162 1
1.071734 4.692855 1
8.640594 1.735853 1
8.589910 15.841832 -1
18.183974 8.787874 1
5.303426 5.105978 -1
5.482640 18.196257 1
5.610536 5.504808 -1
8.142452 14.057139 -1
17.343239 17.124237 1
7.320708 3.130025 1
5.868520 5.740857 -1
18.472688 5.904388 1
9.566556 13.058018 -1
14.899822 1.253945 1
13.751337 0.300198 1
5.409115 18.373011 1
17.396271 1.365569 1
12.267521 19.344212 1
16.641115 3.153811 1
19.832678 3.336105 1
8.279832 19.293340 1
6.890552 15.162406 -1
0.233576 3.842822 1
11.207013 10.881676 -1
8.119362 10.584650 -1
13.799774 13.128840 -1
11.897604 3.826229 -1
7.997897 11.466935 -1
0.343092 13.463521 1
8.138653 15.909002 -1
10.913198 12.815988 -1
17.582119 15.466501 1
0.723025 4.065467 1
15.606098 12.548017 -1
12.778828 0.545549 1
0.410157 6.313489 1
6.226263 10.188986 -1
6.859903 6.824612 -1
13.597206 15.219505 -1
9.467563 3.954783 -1
7.824659 4.758864 -1
16.971960 1.002123 1
3.040000 6.207416 1
16.575314 7.510968 1
13.691403 9.282347 -1
12.038649 15.086297 -1
12.619857 10.173684 -1
10.087620 17.102786 1
14.959470 14.891401 -1
3.226065 10.275523 -1
9.026873 9.107775 -1
14.525618 1.642979 1
8.273082 12.567315 -1
19.989833 17.725848 1
11.275035 6.242568 -1
10.802144 9.925606 -1
2.488799 17.349328 1
16.843186 9.176989 -1
12.621381 11.521329 -1
1.672433 6.892495 1
5.884368 3.551713 1
11.211982 15.883275 -1
14.601394 10.944169 -1
11.552243 7.173607 -1
6.722958 14.939972 -1
19.094901 11.719377 1
2.564162 3.451249 1
13.380152 12.884671 -1
18.183218 2.445014 1
19.377194 8.684094 1
13.273741 11.131475 -1
6.268331 2.529049 1
16.035928 7.144144 -1
8.786987 19.937342 1
7.816908 10.384178 -1
5.765095 8.702469 -1
7.611368 5.226586 -1
13.832090 14.247250 -1
7.340205 11.933354 -1
1.095255 8.215134 1
15.688897 0.898434 1
1.599445 18.358099 1
19.872493 3.507104 1
7.621826 7.757388 -1
5.623643 6.484681 -1
12.104391 17.139401 1
4.573623 5.900751 -1
10.984285 13.727699 -1
7.847495 11.687917 -1
1.315434 15.146871 1
3.737591 4.081562 1
10.361279 9.572189 -1
6.476209 15.341854 -1
8.157211 19.546591 1
17.658391 10.940756 1
1.315950 9.033443 1
6.032311 6.504610 -1
16.253818 16.710435 1
1.607183 3.931838 1
16.981795 2.784571 1
13.475121 1.099210 1
4.901304 10.190184 -1
6.161841 9.382827 -1
8.757296 7.630375 -1
14.000269 6.485194 -1
4.108305 9.138845 -1
13.904399 13.270206 -1
10.772894 8.385501 -1
5.215109 9.450171 -1
15.630821 2.031167 1
15.290979 6.381580 -1
19.946218 19.811470 1
9.899297 9.763616 -1
6.247414 19.569132 1
7.256225 19.986529 1
4.482371 18.846781 1
8.184909 13.690324 -1
15.444973 4.254140 1
1.269830 18.809377 1
16.406916 6.866264 1
16.434765 0.935638 1
8.446002 5.600328 -1
10.566665 11.608034 -1
5.996926 18.766179 1
11.744712 12.835726 -1
4.862010 4.028869 1
10.511067 8.542120 -1
3.105970 0.504859 1
16.979325 2.929766 1
17.792907 10.416917 1
17.254019 6.642903 1
10.069039 4.797136 -1
3.726583 16.376688 1
16.885180 19.258164 1
5.449693 0.242237 1
5.304049 5.069733 -1
4.243643 11.623288 -1
4.514645 8.524959 -1
18.850277 5.254093 1
1.833090 9.724888 1
10.506735 2.457549 1
4.866222 16.140785 1
9.604800 9.193103 -1
5.358811 18.852878 1
17.065570 6.409924 1
3.918296 19.619941 1
11.919389 10.703580 -1
6.819794 19.089253 1
13.462272 6.628288 -1
1.412950 15.263289 1
15.832183 4.596936 1
8.092822 17.869622 1
15.960578 8.308047 -1
6.957047 10.988658 -1
13.306271 14.585398 -1
11.205987 13.702495 -1
15.068441 0.162903 1
3.251574 18.203385 1
1.768561 14.708815 1
15.673736 6.220500 -1
8.294547 3.939454 -1
14.414494 7.824296 -1
0.062785 18.060909 1
3.239233 0.438276 1
19.406390 11.195290 1
12.317138 1.645249 1
13.182580 6.486437 -1
10.436134 15.123993 -1
14.479694 4.067000 1
15.445055 2.204209 1
15.325554 4.762992 1
2.428598 0.952144 1
11.722753 14.773428 -1
19.638200 0.830661 1
10.644188 2.430150 1
6.007023 13.579159 -1
14.117662 12.698706 -1
14.393787 4.561187 -1
11.018904 4.319652 -1
18.062476 15.821807 1
19.179913 15.860935 1
3.704845 10.331747 -1
6.137580 9.477960 -1
9.012739 17.482012 1
14.453436 13.864456 -1
8.870375 11.930557 -1
8.584829 0.466355 1
12.124358 7.665962 -1
7.706917 1.986874 1
6.419968 11.431524 -1
13.343437 0.622915 1
4.611941 19.696512 1
6.017362 14.814596 -1
9.560316 5.514534 -1
9.993900 0.350035 1
7.382813 10.410746 -1
5.012081 9.822868 -1
5.883583 0.342933 1
18.411530 6.673352 1
9.877310 8.929602 -1
2.248786 13.246744 1
9.816167 3.696569 -1
6.089497 8.627735 -1
9.117127 6.747504 -1
13.943813 10.014976 -1
14.673338 18.453529 1
19.498465 12.897362 1
8.467705 6.591664 -1
15.754447 13.965047 -1
8.010011 6.612292 -1
7.064811 10.288401 -1
2.148017 13.834773 1
3.027732 16.564902 1
10.169453 11.537653 -1
7.125402 13.367190 -1
0.967356 0.422987 1
16.997992 6.678186 1
4.871645 12.297082 -1
12.196553 18.646395 1
19.141409 16.898652 1
14.948318 17.938404 1
13.208297 18.907420 1
18.043016 16.740728 1
5.129010 17.189400 1
14.844761 14.903964 -1
11.457816 13.476599 -1
4.782463 6.332636 -1
10.894283 9.392606 -1
13.030125 17.068011 1
1.490691 0.708971 1
2.439286 17.336353 1
9.982310 19.062956 1
7.874299 11.007205 -1
12.287801 15.183134 -1
14.703330 2.144017 1
11.037862 2.197140 1
4.163366 18.367698 1
19.364925 9.500010 1
11.448148 1.222522 1
17.133765 3.625369 1
11.570810 16.550991 -1
4.440344 13.280577 -1
7.739464 8.857257 -1
17.243578 1.078448 1
2.995528 6.276944 1
5.515901 1.964954 1
9.338046 19.020897 1
8.752432 3.241968 -1
7.961071 5.522240 -1
17.801595 17.481834 1
16.843780 10.146709 -1
2.992463 16.325502 1
11.878173 4.715637 -1
16.266828 9.953953 -1
4.695943 1.331229 1
10.583109 6.822486 -1
4.787595 11.553839 -1
2.183991 0.958101 1
8.739766 19.614124 1
0.981033 9.772680 1
11.011031 0.682526 1
12.805902 5.074868 -1
2.593769 2.367093 1
12.144889 6.250576 -1
10.087614 7.028053 -1
8.104456 4.635343 -1
16.608397 5.576492 1
18.413875 13.091241 1
10.147117 7.196859 -1
4.163369 19.016861 1
0.607737 13.381638 1
12.296603 3.116526 1
10.994428 16.661902 -1
15.046376 15.405862 1
13.259905 7.511691 -1
1.543184 16.536454 1
3.139915 4.125065 1
17.014006 13.385113 1
13.459943 7.835636 -1
16.302567 17.562648 1
8.091883 8.652462 -1
10.376426 13.466070 -1
17.927960 3.802061 1
11.911652 2.715371 1
0.096429 9.954986 1
18.610766 0.724921 1
19.906071 9.881360 1
6.948058 14.595971 -1
5.121284 3.719789 1
8.982004 1.514248 1
7.668985 12.395467 -1
12.634101 17.461677 1
14.560918 13.117691 -1
1.274914 1.806259 1
15.615725 1.117133 1
6.483797 13.625987 -1
2.918975 17.125317 1
16.288256 16.138515 1
6.539370 1.384532 1
4.913232 2.729132 1
3.943682 11.279401 -1
7.451759 6.354059 -1
9.083002 6.425161 -1
7.703524 7.358512 -1
9.534231 4.358115 -1
14.041014 19.877454 1
9.680148 16.507049 -1
12.310788 10.032632 -1
11.029165 11.677559 -1
13.036045 5.285147 -1
17.020686 13.319336 1
5.630686 7.271174 -1
11.259904 8.468992 -1
0.556997 14.248407 1
15.137788 15.243193 1
8.669077 11.649608 -1
15.260358 15.386625 1
16.928954 11.518110 1
13.387381 18.763395 1
1.967744 17.092299 1
2.699933 16.037503 1
13.795062 7.999190 -1
9.467302 15.812168 -1
13.580933 15.379030 -1
13.710587 15.933817 -1
4.186071 19.548743 1
11.726703 10.598214 -1
11.740717 1.966537 1
4.882905 13.779884 -1
11.741199 3.421113 -1
8.158191 1.331183 1
6.188320 3.358586 1
14.763905 8.088145 -1
8.721522 10.511142 -1
11.837047 19.308267 1
9.945704 2.046261 1
12.969043 17.124782 1
18.286095 6.023222 1
14.847407 6.223909 -1
10.594579 14.900505 -1
15.282354 7.050741 -1
14.419983 9.978179 -1
11.134257 15.269498 -1
5.191390 2.266506 1
8.636966 9.652802 -1
16.603027 17.648859 1
3.667941 14.935841 1
3.914048 19.703840 1
0.058500 13.605801 1
11.283460 14.861723 -1
9.245324 0.320201 1
3.246791 11.048367 -1
18.604188 11.798928 1
16.519188 9.584887 -1
3.759116 7.508991 -1
12.615683 9.602189 -1
9.299395 19.935224 1
9.799767 6.769141 -1
17.539005 1.061796 1
7.564733 12.274146 -1
0.870442 15.295568 1
4.375708 17.226692 1
2.906681 9.261966 1
11.564457 12.406939 -1
11.176640 16.058574 -1
15.828279 14.298204 1
5.839799 16.949287 1
16.348031 16.761969 1
17.466437 19.678462 1
0.428923 10.962993 1
10.893256 12.178170 -1
15.638860 10.467608 -1
5.475045 10.315902 -1
19.164183 3.213636 1
9.144943 14.663823 -1
16.644697 8.789597 -1
1.597248 12.288919 1
2.765620 14.600066 1
14.868762 10.252440 -1
17.718015 18.657698 1
18.090593 6.632993 1
4.812903 10.212506 -1
2.994480 17.850917 1
12.286271 10.465741 -1
1.784633 8.590911 1
19.863395 13.733055 1
15.912616 9.022897 -1
7.539840 10.396561 -1
13.519120 14.848278 -1
12.737933 9.212228 -1
14.262276 15.171755 -1
9.466321 0.374572 1
16.578661 10.874727 -1
5.274339 9.712143 -1
1.452297 7.192002 1
11.513500 15.480287 -1
15.337383 6.335860 -1
16.856418 13.666268 1
7.122138 13.469173 -1
12.280515 6.185918 -1
5.061703 19.300896 1
7.952030 3.107766 1
12.822994 18.371786 1
17.635499 7.606760 1
9.034781 14.150842 -1
10.422350 8.685196 -1
8.977708 4.109441 -1
10.557151 2.208455 1
1.352670 12.994207 1
0.260558 8.713569 1
0.740062 7.421910 1
7.681175 15.059306 -1
12.966830 1.037073 1
11.841026 0.594903 1
5.381173 6.905022 -1
6.531782 12.387085 -1
2.684806 8.571842 1
9.979351 8.295074 -1
10.847377 1.632930 1
15.828489 17.906449 1
4.526646 9.000613 -1
7.387446 11.776402 -1
12.480053 0.866653 1
11.578962 3.560284 -1
11.743239 3.777628 -1
12.494391 16.347955 -1
6.649827 15.017812 -1
4.883623 11.928995 -1
9.543323 12.190160 -1
10.186905 3.304906 -1
5.389738 9.485628 -1
16.182249 0.412586 1
17.576444 9.217715 1
7.184887 5.151994 -1
16.217021 9.937624 -1
14.297423 15.396341 -1
3.471540 18.811857 1
10.254230 12.796374 -1
4.567403 15.940732 1
15.326627 3.416855 1
9.223863 7.063483 -1
1.404546 17.330733 1
8.652556 16.710188 -1
4.925471 15.950180 1
19.483299 9.607910 1
11.709969 19.458002 1
12.370172 13.936382 -1
14.079813 2.422525 1
4.293027 11.430555 -1
7.920095 18.510430 1
18.644233 12.286844 1
17.202935 0.226137 1
11.214268 8.253848 -1
11.599457 5.088692 -1
6.031544 4.412644 -1
8.709519 19.458133 1
7.462456 10.600642 -1
9.095806 5.904321 -1
17.547766 2.834212 1
0.451922 2.359977 1
5.436125 6.256834 -1
19.391501 19.895400 1
0.002496 11.923269 1
12.966061 8.274703 -1
8.444299 9.485765 -1
3.832902 5.441630 1
2.061586 6.437182 1
12.999743 14.848430 -1
12.916160 12.543762 -1
18.756374 6.938551 1
19.816073 7.138089 1
15.051161 16.618271 1
2.718174 18.011694 1
9.883218 3.751081 -1
1.854452 8.540944 1
16.958278 18.910870 1
13.654022 1.891912 1
11.070128 12.804829 -1
10.421123 14.860356 -1
9.856517 9.395418 -1
13.908144 6.975554 -1
6.509852 16.557084 1
10.421955 2.411011 1
0.573557 12.163316 1
17.029994 11.557557 1
11.999758 4.559615 -1
13.762591 8.396760 -1
5.893900 6.634374 -1
16.943731 0.292153 1
11.216159 9.485139 -1
19.140344 10.751714 1
8.490687 11.799557 -1
0.946175 11.169389 1
8.185860 16.373709 -1
9.306119 7.642083 -1
3.347574 9.106085 -1
14.656459 8.747070 -1
12.766422 13.853719 -1
6.147106 10.812472 -1
3.984581 17.863879 1
0.344183 12.850601 1
6.912268 19.015772 1
14.773664 11.108635 -1
9.401982 5.519651 -1
18.595001 10.300547 1
1.284071 1.340112 1
16.987902 10.165047 -1
9.061457 6.063074 -1
2.582802 13.880982 1
14.645429 8.466164 -1
2.069803 15.372832 1
17.793768 7.854963 1
19.044385 8.114050 1
19.904292 1.756525 1
14.722946 4.563450 1
15.434770 14.322171 -1
6.411310 13.127793 -1
12.060233 0.372469 1
12.688825 4.594710 -1
19.829209 5.473502 1
8.901101 7.043735 -1
17.743799 10.825777 1
15.777887 2.536921 1
19.886130 3.935735 1
5.985931 0.191393 1
9.945878 7.438358 -1
15.960358 11.195018 -1
1.211574 1.250068 1
4.408041 9.915367 -1
13.946815 13.075087 -1
8.756645 1.855781 1
7.050373 17.401467 1
3.426248 19.557206 1
16.687248 18.262436 1
11.284862 0.954395 1
19.906613 1.803084 1
3.799445 13.016257 -1
18.719766 11.525171 1
11.457460 5.672251 -1
18.831824 4.859198 1
2.702850 4.995382 1
5.822297 8.538018 -1
3.354222 9.850004 -1
17.046390 7.791562 1
16.750277 12.369180 1
7.627662 18.727953 1
1.721558 7.951476 1
3.792310 12.999076 -1
11.309466 12.318080 -1
6.123028 11.775226 -1
19.306621 13.918327 1
2.704940 5.238763 1
6.895428 3.708428 1
17.857927 4.920311 1
10.719502 14.763913 -1
12.370097 7.183424 -1
6.327597 13.793560 -1
16.022923 8.909414 -1
9.194561 18.862681 1
0.749138 3.209916 1
3.017072 13.031554 1
15.481035 0.708564 1
9.261543 19.795880 1
10.044686 2.061538 1
18.397598 12.708791 1
15.769301 5.405289 1
11.941535 4.809424 -1
11.304360 5.959084 -1
18.283655 8.801747 1
18.325811 10.086929 1
7.079117 8.294035 -1
18.717168 15.946730 1
14.920580 7.338741 -1
16.053140 12.963297 -1
0.752588 9.626972 1
12.956451 16.236084 -1
6.444966 2.792547 1
11.017669 11.429547 -1
19.416117 11.324737 1
15.512130 7.383977 -1
15.537289 10.585562 -1
9.772383 5.822155 -1
6.075625 3.821373 1
19.681905 13.559314 1
18.584787 9.874650 1
11.779428 13.028189 -1
19.641500 17.579800 1
6.917606 4.400493 -1
19.293926 16.672941 1
5.394100 0.767520 1
8.960721 14.954501 -1
19.664671 3.977693 1
15.301188 3.683984 1
7.525392 9.488393 -1
5.676588 11.220751 -1
5.080607 6.535182 -1
13.646556 3.731281 1
15.430476 11.400976 -1
9.951516 8.155222 -1
19.034896 12.488210 1
4.921086 11.015121 -1
7.384451 1.719031 1
15.693257 5.236864 1
3.066794 7.282533 1
10.729050 13.266805 -1
19.574940 3.378858 1
12.953911 17.347022 1
4.002117 4.869247 1
4.838675 15.399558 1
14.370641 14.279479 -1
9.559763 12.658598 -1
13.991562 7.811336 -1
18.234789 5.402618 1
9.365254 14.030103 -1
8.510068 13.984723 -1
4.964514 4.133466 1
6.899202 12.581788 -1
18.261146 9.169872 1
7.601519 19.213619 1
2.267652 6.809415 1
15.953354 18.259219 1
7.772959 18.753117 1
5.576301 10.088661 -1
8.038080 5.613506 -1
8.166944 15.679575 -1
3.617076 1.332069 1
6.238916 18.220490 1
14.108022 7.684517 -1
13.673336 5.230235 -1
5.543510 6.678615 -1
17.433165 11.453079 1
9.072942 15.151630 -1
9.472637 19.892479 1
0.748867 18.229133 1
4.206284 16.707397 1
18.119159 8.657816 1
18.309016 16.324379 1
0.331475 13.705361 1
1.014396 15.059979 1
9.500269 14.145871 -1
9.869919 11.336196 -1
8.772570 11.004271 -1
15.675235 16.623002 1
1.696060 14.410748 1
17.453647 10.532343 1
12.005584 12.495513 -1
16.606704 1.215200 1
7.570583 11.353674 -1
1.897025 14.637135 1
18.074096 8.619413 1
0.505913 11.685141 1
12.611658 11.702253 -1
13.586023 7.219204 -1
13.776929 3.553258 1
12.275285 19.951974 1
15.961478 12.095364 -1
1.229239 9.155913 1
18.021653 10.261753 1
19.704936 3.649133 1
7.806728 10.802934 -1
19.887063 8.192359 1
10.852178 12.674643 -1
4.924022 5.212691 -1
13.828980 12.890326 -1
2.982439 9.651348 1
4.610709 7.102568 -1
14.228413 8.062305 -1
6.370147 10.162435 -1
12.642405 0.510892 1
3.492384 10.989301 -1
5.562111 19.883986 1
9.871954 14.064923 -1
17.244078 3.620888 1
14.497591 16.316294 1
11.367429 10.094837 -1
1.372529 15.555408 1
8.587624 11.991738 -1
11.622396 18.177644 1
8.792233 15.126971 -1
15.796035 17.430230 1
10.024441 5.222737 -1
1.289763 8.441399 1
19.734828 1.364638 1
6.112838 15.439779 -1
7.360935 9.098010 -1
9.099232 15.171391 -1
11.161229 6.019954 -1
5.752710 13.492631 -1
13.186872 10.119822 -1
9.965227 6.409592 -1
6.217935 10.993512 -1
9.703721 2.261106 1
7.771903 16.016236 -1
14.666260 18.285663 1
11.068128 11.722785 -1
5.308158 0.364191 1
0.825800 10.325907 1
14.502914 7.717033 -1
19.415730 2.404540 1
17.023476 17.891789 1
4.736181 11.673722 -1
12.775991 19.667728 1
17.042275 2.547616 1
6.627658 19.890831 1
11.090511 13.344472 -1
4.240210 5.236841 1
12.364780 14.394597 -1
16.831415 16.884245 1
8.239008 7.908173 -1
8.110190 15.213323 -1
10.299562 1.245820 1
3.505057 18.596216 1
2.199798 19.311958 1
0.709293 5.473052 1
2.961834 6.264034 1
6.490731 0.752446 1
3.605800 16.667406 1
11.724588 6.699667 -1
5.976365 7.601980 -1
9.963540 10.085496 -1
18.947856 17.646560 1
11.712099 3.790040 -1
17.413504 3.377030 1
4.795935 1.645861 1
13.253134 16.426958 1
1.845813 16.011734 1
16.355113 9.866426 -1
3.601242 8.081187 -1
19.598851 16.333628 1
10.588947 17.139547 1
6.971459 15.409368 -1
19.359132 17.333401 1
12.499359 8.081859 -1
10.329183 6.178135 -1
11.116551 5.491881 -1
9.800767 15.433386 -1
18.769171 14.353227 1
2.341354 19.945122 1
6.169669 14.403082 -1
1.176519 1.686507 1
15.566277 6.633417 -1
6.718525 7.299630 -1
19.101686 0.113520 1
8.081046 2.817401 1
12.649535 16.912834 1
0.036972 8.384003 1
0.205388 4.621747 1
4.341423 0.855636 1
4.411037 10.786160 -1
5.112119 5.967292 -1
7.136278 11.668898 -1
12.344518 8.232180 -1
10.958838 3.116092 -1
6.630675 6.743759 -1
5.529286 11.917208 -1
14.302495 4.810404 -1
9.928292 3.739590 -1
10.401270 12.320915 -1
16.794835 9.551139 -1
5.797911 0.816628 1
19.798174 7.953640 1
7.454919 6.560737 -1
0.147921 10.654185 1
0.319061 1.159593 1
15.369534 10.098646 -1
15.815219 17.094063 1
3.875637 12.273013 -1
2.488770 11.996681 1
11.148157 2.337298 1
16.171705 14.537246 1
4.135233 16.277977 1
2.223959 14.996081 1
3.221360 15.639099 1
9.438237 5.382510 -1
15.131213 8.944326 -1
5.277963 0.215827 1
15.761907 10.514398 -1
10.777956 18.176672 1
3.842494 3.521592 1
12.133711 14.486173 -1
10.637033 13.707329 -1
3.504230 9.738313 -1
10.860561 15.159765 -1
18.141651 19.745597 1
15.837576 16.722901 1
14.667293 17.194373 1
15.870386 19.789351 1
7.160589 1.405367 1
12.136879 3.336365 -1
4.693288 1.039892 1
6.576110 19.060710 1
9.824626 16.559653 -1
1.788588 17.676962 1
12.541374 6.738522 -1
15.776362 6.180221 -1
12.955778 14.063783 -1
9.610311 14.890029 -1
13.931448 5.346372 -1
11.529247 1.806935 1
8.275948 12.228628 -1
13.644694 6.452393 -1
18.802703 18.526787 1
14.763615 3.488263 1
14.041724 5.847779 -1
12.936294 15.512456 -1
3.352989 1.265820 1
2.581285 1.860961 1
18.133793 13.530218 1
7.526184 7.438741 -1
5.926711 4.810952 -1
16.544946 5.503749 1
9.844473 8.661181 -1
7.789088 7.865943 -1
10.246160 16.642638 -1
14.551239 16.908478 1
14.598226 6.624444 -1
12.223586 3.660378 -1
13.456219 10.240094 -1
11.359818 13.871025 -1
1.282838 16.296123 1
6.544802 13.333888 -1
9.988983 18.033014 1
3.734840 4.389727 1
2.051934 17.812309 1
10.600666 14.842442 -1
9.541918 10.181633 -1
18.107744 8.018569 1
13.161294 16.046265 -1
11.260343 14.222765 -1
0.030793 18.425328 1
11.095390 14.230337 -1
7.519692 5.186375 -1
4.329044 19.407676 1
7.470501 12.572921 -1
13.313483 19.523726 1
14.265210 1.923268 1
14.959202 11.037461 -1
13.814053 11.227578 -1
13.557529 19.762692 1
6.048308 12.654895 -1
18.411497 14.696185 1
17.636657 14.124636 1
18.906384 3.507738 1
5.191867 7.538924 -1
9.118673 7.859575 -1
15.260097 9.610286 -1
19.525205 13.721654 1
4.122297 12.668264 -1
10.776429 3.097463 -1
19.011646 12.710862 1
15.737218 3.199091 1
2.931680 6.495305 1
7.156314 17.148150 1
11.271562 14.497002 -1
17.982856 11.246171 1
10.466010 14.513091 -1
19.352771 4.544309 1
8.430665 3.375280 -1
11.458139 8.207644 -1
1.479199 4.225248 1
10.950315 3.213416 -1
9.840197 13.723792 -1
1.870784 0.952973 1
8.557409 6.823226 -1
12.589109 18.619439 1
9.447664 8.874608 -1
15.377657 1.668321 1
5.682698 15.925918 1
3.712967 9.718377 -1
8.230085 6.123821 -1
1.777406 15.363233 1
19.930573 6.304734 1
12.309442 6.287305 -1
2.953611 11.853975 1
8.006811 14.853187 -1
16.362395 18.315380 1
10.916921 15.756881 -1
15.597041 19.119884 1
13.844574 10.033735 -1
19.834382 0.088250 1
0.464167 1.885539 1
16.519480 8.094520 -1
10.875879 6.998115 -1
12.941876 6.342467 -1
9.947337 4.281131 -1
3.945503 7.901071 -1
0.342343 11.356859 1
18.600782 17.236409 1
0.068027 0.559327 1
12.172980 1.940965 1
9.731331 19.141070 1
13.456927 11.986850 -1
10.383197 1.137469 1
9.926049 11.832389 -1
7.052735 12.694030 -1
18.645974 13.778933 1
19.874649 5.245293 1
4.551929 1.541921 1
6.430439 0.091134 1
5.984955 4.177734 1
7.487172 16.993067 1
9.272011 15.576018 -1
9.443687 10.140117 -1
7.642735 12.849123 -1
14.669969 13.427213 -1
11.003649 13.959497 -1
7.467474 9.199558 -1
1.061572 2.707126 1
15.692699 17.980401 1
12.669403 12.379487 -1
19.397868 9.278664 1
0.723174 17.565002 1
18.623817 1.045013 1
4.201216 7.014465 -1
12.763428 12.053999 -1
15.640835 3.985683 1
11.612164 6.818081 -1
13.826774 3.953617 1
13.606446 11.524044 -1
18.365959 2.704961 1
16.876562 3.935760 1
7.396826 6.777108 -1
10.265998 18.527259 1
14.494983 15.948706 1
15.009199 0.324729 1
4.388306 19.761413 1
15.401687 18.767926 1
2.644341 0.632730 1
14.450659 7.037686 -1
12.375437 11.185119 -1
13.818654 15.808088 -1
3.675422 11.794193 -1
3.158090 16.885577 1
19.220358 17.055082 1
14.251566 6.630927 -1
16.875223 15.929119 1
4.086147 15.504698 1
2.262167 19.310633 1
17.134706 14.451332 1
13.744987 11.238629 -1
18.249083 7.499438 1
18.512362 1.600416 1
10.213464 7.844251 -1
5.628265 10.898106 -1
4.165670 2.786342 1
14.924305 8.155818 -1
8.691401 14.233935 -1
11.829136 9.517368 -1
0.297581 6.460207 1
5.935782 5.823616 -1
2.256218 10.935811 1
8.736828 19.789372 1
11.388505 0.520367 1
9.989025 13.567062 -1
9.538772 15.812005 -1
14.885753 17.659185 1
7.179689 16.409659 1
1.935826 11.640132 1
13.033133 1.417903 1
9.468600 11.071929 -1
4.102710 18.393890 1
4.509452 6.466783 -1
5.224073 19.363780 1
6.516043 15.236111 -1
18.337559 10.330262 1
13.738412 19.575835 1
6.359760 13.905683 -1
7.397384 3.987191 -1
19.547378 1.355547 1
19.106030 2.473583 1
15.571856 17.795401 1
11.933914 6.567323 -1
19.304967 10.594042 1
10.723102 13.348675 -1
12.942198 17.397762 1
6.039102 1.110953 1
15.498054 6.810656 -1
9.205324 3.763580 -1
9.675396 10.584916 -1
18.262689 9.367772 1
9.257331 15.183402 -1
9.630611 5.426314 -1
5.694500 12.420106 -1
13.907605 4.246219 -1
17.972310 2.013286 1
13.130500 7.205249 -1
2.272023 14.229793 1
18.494761 2.268523 1
19.703100 10.704951 1
15.282817 2.061182 1
19.168035 17.254006 1
3.996352 11.002654 -1
18.996564 19.164011 1
5.052459 3.865875 1
6.509371 17.890217 1
10.385023 13.927907 -1
4.920478 12.016748 -1
18.901620 8.047194 1
14.510848 8.398316 -1
2.538078 16.482934 1
10.383782 11.441354 -1
19.761704 14.407045 1
1.149591 16.920908 1
11.108573 15.615027 -1
12.687180 15.745200 -1
16.791270 0.501435 1
7.041195 15.088151 -1
19.381771 9.145251 1
4.249233 16.136269 1
8.439745 3.993989 -1
4.922350 16.888910 1
9.508426 16.400167 -1
3.582671 13.191218 1
5.508599 16.228050 1
7.923190 14.975002 -1
6.264903 6.558637 -1
5.283031 9.887334 -1
17.365761 5.553548 1
12.949616 7.002865 -1
0.560914 19.064284 1
16.133610 7.533756 -1
4.324580 9.351252 -1
1.918574 11.233229 1
1.062460 2.651208 1
8.135913 8.348296 -1
11.137263 16.315384 -1
19.721305 17.818671 1
9.899577 1.288471 1
13.141852 13.996128 -1
3.337328 9.126513 -1
18.245405 3.962125 1
19.227228 6.607765 1
15.966241 13.345547 -1
19.945419 6.240475 1
16.344390 2.840904 1
7.411943 11.848188 -1
2.068484 15.344382 1
16.385048 1.436594 1
3.107916 4.656972 1
17.439361 12.572892 1
0.409096 12.554144 1
8.428720 19.350806 1
14.440007 18.411244 1
4.199774 7.881825 -1
8.821126 13.938291 -1
7.625999 9.187894 -1
14.161328 8.004255 -1
14.486797 10.689978 -1
13.632448 2.793939 1
12.257249 8.637628 -1
5.846830 9.726254 -1
15.143878 12.958749 -1
16.264653 2.400676 1
16.208964 9.462597 -1
7.152604 6.452872 -1
7.057206 19.967907 1
18.833043 6.668450 1
1.716719 19.867684 1
11.390145 1.057391 1
13.605306 7.258964 -1
11.851038 5.919765 -1
13.987817 11.414513 -1
0.750018 16.462796 1
19.177300 13.583587 1
7.556397 0.103383 1
8.254150 5.045854 -1
7.361048 4.040378 -1
5.373527 6.203382 -1
16.513790 18.429097 1
13.294345 5.782554 -1
1.266024 13.513372 1
14.309328 1.985656 1
16.107250 13.785938 1
18.616139 19.479028 1
10.696704 0.562536 1
10.792765 8.342849 -1
11.369582 9.928257 -1
15.913402 15.917425 1
15.080772 0.985237 1
4.989740 6.671777 -1
16.435787 11.653677 -1
16.222037 12.063596 -1
13.360881 8.872179 -1
6.521272 1.209856 1
8.443657 6.398684 -1
11.707298 14.319062 -1
9.612766 3.862657 -1
5.723873 7.921413 -1
1.984546 2.802454 1
17.697339 8.438207 1
0.850003 15.853664 1
11.764832 13.394054 -1
5.212384 6.212054 -1
6.569671 2.138560 1
0.915955 18.505562 1
12.344150 7.619209 -1
2.662929 5.807962 1
16.854112 4.544715 1
13.583423 14.581359 -1
8.697894 16.346082 -1
3.945018 8.276881 -1
19.500100 18.678924 1
18.580865 2.217449 1
8.384010 16.487903 -1
14.017736 16.142963 1
5.921949 7.685985 -1
18.230313 18.585529 1
4.475017 0.170577 1
5.569743 8.847813 -1
7.703263 10.200976 -1
14.903862 11.651670 -1
14.981321 14.794743 -1
6.574539 12.388623 -1
9.528207 0.249296 1
5.365434 8.780993 -1
7.771648 12.529630 -1
0.659995 0.192268 1
14.323229 12.535954 -1
2.000131 14.026246 1
10.804598 5.659383 -1
4.685078 12.967524 -1
3.603582 15.382062 1
4.854811 12.643586 -1
4.300829 9.309067 -1
11.703341 15.620995 -1
4.241380 1.200162 1
1.120884 16.132149 1
18.161140 16.568441 1
13.387296 15.695618 -1
10.797824 14.652740 -1
1.478410 1.249187 1
8.580539 2.845454 1
14.089519 19.770311 1
5.003662 15.056462 1
1.017007 15.770810 1
5.689141 13.589833 -1
7.975312 15.648581 -1
19.640404 11.571025 1
2.561412 11.642771 1
8.310952 2.866015 1
5.261219 2.097284 1
5.311223 6.103124 -1
6.782778 15.762274 -1
11.591745 5.422811 -1
12.396042 7.547155 -1
7.558649 10.613026 -1
15.287879 18.431838 1
8.376546 3.266019 -1
14.728575 7.388312 -1
10.378790 2.771445 1
8.289032 10.029146 -1
4.418541 7.301833 -1
16.768318 9.681996 -1
4.288487 13.636180 -1
8.822730 14.832321 -1
13.656869 17.102018 1
2.645632 7.459152 1
8.493329 5.304058 -1
12.043358 15.348054 -1
11.937567 12.442187 -1
14.443417 18.530522 1
1.899651 5.250309 1
2.358152 18.177082 1
16.236924 19.345543 1
12.610393 11.624136 -1
15.115564 6.791098 -1
9.523938 2.798041 1
19.306943 5.793004 1
19.671681 18.611983 1
17.028088 10.973565 1
1.361893 1.375150 1
16.098017 12.988669 -1
10.158896 1.343252 1
3.563299 10.729082 -1
3.714051 5.476461 1
1.815101 2.931424 1
2.943672 7.217597 1
5.068048 3.032628 1
7.058144 0.809582 1
8.376198 18.412370 1
6.985281 12.412129 -1
17.054164 10.199796 1
0.650412 14.056626 1
14.343705 11.508177 -1
11.590075 16.647912 -1
15.362607 8.726579 -1
19.956198 17.084134 1
1.012821 7.847910 1
18.501101 2.307987 1
10.365209 17.589342 1
18.296820 9.075739 1
16.103390 8.025107 -1
3.760340 11.787300 -1
11.327152 13.035031 -1
18.228056 8.908638 1
8.195959 8.683841 -1
9.460397 3.099146 -1
14.337449 4.901700 -1
12.626277 10.484792 -1
15.118153 19.261602 1
6.187618 12.593303 -1
9.437344 16.888073 -1
7.389855 5.872462 -1
14.379899 3.109965 1
1.508218 7.944219 1
3.679121 10.324585 -1
11.678286 7.271098 -1
18.080423 13.673734 1
3.104060 10.161060 -1
16.085922 7.254376 -1
0.805622 5.949667 1
10.137605 18.039616 1
4.832075 7.543019 -1
9.527662 4.216214 -1
15.481185 5.270910 1
2.773204 18.279451 1
12.708049 19.277724 1
1.347751 14.139250 1
16.112516 9.483784 -1
11.055932 2.112570 1
4.991888 11.429904 -1
12.202781 18.588675 1
15.645162 0.734027 1
15.329147 17.076742 1
6.144791 10.957751 -1
